ALX,ALY,ALZ,ARX,ARY,ARZ,EMG0L,EMG1L,EMG2L,EMG3L,EMG4L,EMG5L,EMG6L,EMG7L,EMG0R,EMG1R,EMG2R,EMG3R,EMG4R,EMG5R,EMG6R,EMG7R,GLX,GLY,GLZ,GRX,GRY,GRZ,ORL,OPL,OYL,ORR,OPR,OYR,LHNX,LHNY,LHNZ,RHNX,RHNY,RHNZ,HX,HY,HZ,LTX,LTY,LTZ,RTX,RTY,RTZ,SpineMidX,SpineMidY,SpineMidZ,SpineBaseX,SpineBaseY,SpineBaseZ,ShoulderLeftX,ShoulderLeftY,ShoulderLeftZ,ShoulderRightX,ShoulderRightY,ShoulderRightZ,ElbowLeftX,ElbowLeftY,ElbowLeftZ,ElbowRightX,ElbowRightY,ElbowRightZ,Myo_Pose_left,Myo_Pose_Right,Kinect_pose_left,Kinect_pose_right
0.9658203,-0.2290039,0.08105469,0.8710938,0.4101563,0.1875,-2,-2,-2,-1,-2,0,-1,-1,3,1,-1,0,-1,-1,-3,-2,0.625,0.625,0.625,-1.25,-1.25,-1.25,3.01799,2.895822,6.426235,6.798194,3.262388,7.744266,-0.1922806,-0.4262057,1.516578,0.2662413,-0.4252631,1.507893,0.05894917,0.4293907,1.622326,-0.1326449,-0.4073743,1.500195,0.2075079,-0.3967635,1.493996,0.0431049,-0.02735665,1.612756,0.04016387,-0.3393951,1.590234,-0.1307106,0.1546432,1.58937,-0.04033167,-0.3299076,1.551106,-0.1918887,-0.1293957,1.606229,0.2742828,-0.1327115,1.623544,NA,NA,NotTracked,NotTracked,
0.9697266,-0.2275391,0.07958984,0.8662109,0.4111328,0.1879883,-2,0,-3,-1,0,0,-1,-2,-7,-2,0,-1,-1,0,2,-1,-0.625,-0.625,-0.625,-0.5625,-0.5625,-0.5625,3.018498,2.89721,6.425989,6.796052,3.261608,7.746088,-0.1928038,-0.4267291,1.516831,0.2662761,-0.425611,1.508225,0.05900815,0.4293783,1.622369,-0.1330231,-0.4016652,1.50138,0.2065155,-0.4238138,1.492588,0.04321396,-0.02742578,1.612689,0.04026529,-0.3394874,1.590115,-0.1305854,0.1545614,1.589289,-0.04022263,-0.3299812,1.551021,-0.1918737,-0.1293231,1.606154,0.2743018,-0.1329482,1.623431,NA,NA,NotTracked,NotTracked,
0.9624023,-0.2294922,0.07519531,0.8740234,0.4082031,0.1875,1,0,-1,-1,0,-2,-1,-2,1,0,0,-1,-2,-1,-1,-1,0.4375,0.4375,0.4375,-0.875,-0.875,-0.875,3.018605,2.89705,6.425404,6.794097,3.261272,7.746473,-0.1924956,-0.4275183,1.516288,0.2654947,-0.4261985,1.508528,0.05910121,0.4293943,1.622343,-0.1328422,-0.4125226,1.501679,0.2068407,-0.4090073,1.493063,0.04332652,-0.02744937,1.612584,0.04039188,-0.3395313,1.589944,-0.1305332,0.1544975,1.589229,-0.04008651,-0.3300064,1.550816,-0.1917817,-0.1295391,1.606044,0.2742977,-0.1331037,1.623387,NA,NA,NotTracked,NotTracked,
0.9638672,-0.2255859,0.08007813,0.8725586,0.4086914,0.1982422,-3,-2,-2,-1,-1,-1,0,-1,3,-2,-1,-3,-2,-1,3,0,-1,-1,-1,0.0625,0.0625,0.0625,3.019249,2.896928,6.424779,6.794184,3.260293,7.745766,-0.1925645,-0.4265248,1.515778,0.2649151,-0.4261326,1.509283,0.05914808,0.4294219,1.622332,-0.1325224,-0.4169443,1.500381,0.2079756,-0.3906173,1.493533,0.04340176,-0.02748015,1.612444,0.0405061,-0.3395502,1.589738,-0.1304728,0.1544566,1.589178,-0.0399794,-0.3300614,1.550589,-0.1917572,-0.1295872,1.605935,0.2742151,-0.1334029,1.623313,NA,NA,NotTracked,NotTracked,
0.9716797,-0.222168,0.08300781,0.8642578,0.4106445,0.1928711,1,-2,-2,-1,-1,-1,-1,-2,-1,0,0,0,-2,-1,0,-1,0.4375,0.4375,0.4375,-0.875,-0.875,-0.875,3.020041,2.897661,6.424191,6.794287,3.260585,7.745126,-0.1928564,-0.425563,1.514072,0.2652744,-0.4263127,1.508697,0.05927224,0.4295134,1.622154,-0.1328863,-0.4066786,1.499515,0.207745,-0.3904011,1.49428,0.04344521,-0.02742251,1.612293,0.04065772,-0.3395106,1.589477,-0.1304135,0.1544378,1.589075,-0.03980269,-0.3299792,1.550284,-0.1917123,-0.1291815,1.605523,0.2741299,-0.1335432,1.623235,NA,NA,NotTracked,NotTracked,
0.965332,-0.2270508,0.07958984,0.8671875,0.4111328,0.1992188,-1,0,-2,-1,-1,0,2,-1,1,-1,1,-2,0,0,-2,0,0.25,0.25,0.25,-0.8125,-0.8125,-0.8125,3.020636,2.89703,6.423544,6.794384,3.261371,7.744359,-0.192451,-0.4263298,1.515426,0.2659347,-0.4264539,1.509758,0.05928639,0.4295045,1.622195,-0.1326982,-0.4044409,1.500287,0.2080648,-0.3950078,1.494939,0.04348899,-0.02747917,1.612187,0.04067593,-0.3395299,1.589357,-0.1303932,0.1543068,1.588992,-0.0397804,-0.3299593,1.550199,-0.1917063,-0.1293559,1.605324,0.2740696,-0.1335837,1.623242,NA,NA,NotTracked,NotTracked,
0.9584961,-0.2329102,0.08154297,0.8696289,0.4101563,0.1884766,0,-2,-2,-2,0,-1,-2,-2,-2,-2,0,0,1,0,1,-1,0.4375,0.4375,0.4375,-0.0625,-0.0625,-0.0625,3.020636,2.89703,6.423544,6.794384,3.261371,7.744359,-0.1920737,-0.427166,1.515702,0.2658258,-0.4267497,1.50889,0.05930885,0.4294886,1.622271,-0.132669,-0.4152302,1.49981,0.2078277,-0.3936822,1.49407,0.04347429,-0.02749041,1.61216,0.0406938,-0.3395289,1.589265,-0.130407,0.1542853,1.589033,-0.03975004,-0.3299594,1.550089,-0.1917365,-0.1296575,1.605223,0.2739695,-0.1335974,1.623336,NA,NA,NotTracked,NotTracked,
1.015625,-0.2460938,0.05322266,0.8696289,0.4023438,0.1894531,-2,0,1,3,-3,-7,-7,-3,0,-1,0,-1,-1,-2,-1,-1,-3.125,-3.125,-3.125,0.5,0.5,0.5,3.020627,2.897537,6.421584,6.794384,3.261371,7.744359,-0.1921424,-0.4280277,1.514914,0.2654469,-0.427286,1.509165,0.05927658,0.4293879,1.622396,-0.1333695,-0.3893357,1.4985,0.2077763,-0.3946323,1.495086,0.04345326,-0.02753093,1.612168,0.04070079,-0.3395901,1.589219,-0.1304865,0.154158,1.5892,-0.03973917,-0.3300227,1.550038,-0.191727,-0.1297788,1.605171,0.2737999,-0.1339006,1.623503,NA,NA,NotTracked,NotTracked,
1.063965,-0.3588867,0.002441406,0.8847656,0.5727539,0.07910156,1,0,0,5,12,5,-19,1,-16,-21,-7,-3,1,0,4,-2,-29.8125,-29.8125,-29.8125,-33.75,-33.75,-33.75,3.067126,2.923058,6.337709,6.785632,3.278825,7.740666,-0.1896114,-0.4261775,1.513467,0.2640875,-0.4260689,1.503809,0.05926413,0.4293959,1.622564,-0.1323961,-0.4194983,1.498238,0.2082914,-0.3813908,1.49444,0.04344062,-0.02754416,1.612191,0.04068414,-0.3395813,1.589195,-0.1305225,0.1541594,1.589236,-0.03975672,-0.3300067,1.550002,-0.1918927,-0.1295486,1.605194,0.2737248,-0.133839,1.623751,NA,NA,NotTracked,NotTracked,
1.046387,-0.5512695,0.300293,1.026855,0.6313477,0.2817383,0,-3,-3,-10,-8,15,8,-1,4,-30,-41,5,4,5,0,6,-165.75,-165.75,-165.75,-107.1875,-107.1875,-107.1875,3.251606,3.066177,5.900837,6.668445,3.372359,7.679703,-0.1770695,-0.4214141,1.495211,0.2664599,-0.406334,1.463403,0.05918598,0.429479,1.622656,-0.1248584,-0.4033466,1.489394,0.2279702,-0.4039133,1.442846,0.04332152,-0.02749177,1.612217,0.04037294,-0.3396369,1.589168,-0.1306966,0.1542085,1.589326,-0.04017366,-0.3300611,1.550105,-0.1941282,-0.125998,1.604667,0.2740669,-0.1333562,1.624811,NA,NA,NotTracked,NotTracked,
0.7963867,-0.7900391,0.484375,0.840332,0.984375,0.6347656,-1,-7,-15,12,-94,-17,8,4,-11,4,-5,11,-11,-3,1,3,-225.625,-225.625,-225.625,-28.375,-28.375,-28.375,3.286597,3.30084,5.484108,6.58166,3.640767,7.674037,-0.1411619,-0.3948758,1.4378,0.2744362,-0.3166088,1.375495,0.05916658,0.4296566,1.622757,-0.1019715,-0.3658641,1.465089,0.2689629,-0.3381553,1.3749,0.04322261,-0.02707108,1.612156,0.0401942,-0.3391377,1.589105,-0.1308717,0.1547018,1.589315,-0.04048729,-0.329662,1.550083,-0.2007087,-0.1106297,1.595921,0.2756937,-0.1188477,1.626465,NA,NA,NotTracked,Unknown,
0.5986328,-0.8710938,0.5512695,0.4301758,1.105469,0.7714844,0,0,3,-9,-3,4,5,3,-15,-31,-79,-22,-7,-3,-6,-12,-261.125,-261.125,-261.125,-38.5,-38.5,-38.5,3.138801,3.719059,4.963905,6.543289,4.130601,7.653153,-0.06533468,-0.3291228,1.381306,0.2919654,-0.1672949,1.289917,0.05921148,0.4298059,1.622892,-0.01767609,-0.3410822,1.3844,0.2576691,-0.1426138,1.272,0.0442468,-0.02645989,1.612204,0.04369799,-0.3378891,1.588395,-0.1310041,0.1553782,1.588955,-0.03824563,-0.3303138,1.549504,-0.2131471,-0.07637344,1.574002,0.2704332,-0.0875657,1.614769,NA,NA,Unknown,Unknown,
0.4921875,-0.7817383,0.5087891,-0.05322266,0.9580078,0.7612305,-3,-2,2,-12,3,-2,-41,-9,1,3,-9,-1,3,3,1,-2,-192.375,-192.375,-192.375,-21.75,-21.75,-21.75,2.993389,4.016845,4.639969,6.500006,4.806262,7.622787,0.0123509,-0.2274491,1.390495,0.3044823,0.03448542,1.267726,0.05918967,0.4296576,1.623687,-0.01321036,-0.2974536,1.423273,0.3151562,0.1059334,1.2255,0.0432818,-0.02642841,1.615198,0.04136284,-0.3382133,1.592228,-0.1303352,0.1569313,1.587479,-0.03972144,-0.3303216,1.552899,-0.2148621,-0.04701414,1.541871,0.2693655,-0.07049035,1.576542,NA,NA,Open,Lasso,
0.4746094,-0.7226563,0.394043,-0.4165039,0.84375,0.7871094,0,-1,2,8,7,0,8,0,-19,-22,-50,-7,-13,-2,0,-5,-159.75,-159.75,-159.75,-13.875,-13.875,-13.875,2.850566,4.242833,4.387083,6.4497,6.034372,7.538564,0.06714386,-0.1613858,1.403124,0.2980864,0.2035629,1.309495,0.0591789,0.4293268,1.62625,0.06370834,-0.2197004,1.440667,0.2616258,0.2056658,1.331857,0.04291473,-0.02631197,1.618902,0.03908074,-0.3381643,1.595302,-0.1278945,0.1571775,1.589824,-0.04111882,-0.3296735,1.555317,-0.2167905,-0.04329433,1.467862,0.2920847,-0.03763635,1.485047,NA,NA,Unknown,Lasso,
0.503418,-0.7226563,0.3359375,-0.4033203,0.8203125,0.7495117,-3,-3,28,7,-1,0,-13,-4,-1,-11,3,-2,-2,0,0,-5,-87.5,-87.5,-87.5,-22.125,-22.125,-22.125,2.692552,4.457391,4.16708,6.41676,6.246027,7.50797,0.04233239,-0.0989146,1.421044,0.2881996,0.3065191,1.376655,0.05900714,0.4294361,1.630095,0.07848749,-0.04585247,1.447522,0.2827662,0.2506632,1.4125,0.04315065,-0.02604154,1.620824,0.03807363,-0.3380429,1.59649,-0.1256771,0.1576844,1.590135,-0.04240029,-0.3291812,1.556631,-0.1871044,-0.023389,1.461085,0.3213694,-0.0332162,1.433969,NA,NA,Unknown,Unknown,
0.4575195,-0.7822266,0.2075195,-0.340332,0.456543,0.4267578,-6,-4,-11,7,-8,-20,1,1,-2,1,6,3,-1,-15,-6,-1,-38.5,-38.5,-38.5,-31.125,-31.125,-31.125,2.644947,4.581357,4.095069,6.186923,6.798069,7.310704,0.1049622,-0.07406772,1.399499,0.280586,0.3401542,1.430314,0.05819869,0.4290792,1.634498,0.09215999,-0.1280748,1.442,0.2669871,0.2986336,1.462741,0.04217799,-0.02500253,1.623452,0.03688067,-0.3366483,1.597455,-0.1240496,0.1583476,1.589935,-0.04403571,-0.327275,1.558094,-0.1571823,-0.01888266,1.43779,0.3154697,0.0954561,1.393191,NA,NA,Unknown,Closed,
0.3725586,-0.8657227,0.1030273,-0.4101563,0.1704102,0.137207,6,4,-1,0,19,-14,34,16,1,-1,-33,-4,-4,-3,-2,1,5,5,5,-42,-42,-42,2.653743,4.683948,4.0746,4.97858,7.290232,6.142947,0.123417,-0.03744318,1.394561,0.2595925,0.3884634,1.471349,0.05642363,0.428985,1.638078,0.09380359,-0.09599174,1.444696,0.230783,0.372373,1.499429,0.040612,-0.02478442,1.62547,0.03616652,-0.3364908,1.597643,-0.1205758,0.1597557,1.584529,-0.04503655,-0.3269982,1.558709,-0.149649,-0.01600839,1.432333,0.3150074,0.1015879,1.391181,NA,NA,Unknown,Unknown,
0.359375,-0.6206055,-0.1210938,-1.050293,0.06787109,-0.02734375,-8,-4,8,-5,-5,12,14,5,1,1,5,-2,6,6,-4,1,-2,-2,-2,-26.375,-26.375,-26.375,2.653805,4.696965,4.089125,3.732511,7.401006,4.980729,0.1272781,-0.02231793,1.388113,0.2440982,0.3819175,1.49185,0.05408774,0.4285968,1.640963,0.09436681,-0.08374992,1.443421,0.220792,0.357783,1.514222,0.04034898,-0.02475513,1.626068,0.03602831,-0.3363804,1.597666,-0.1191839,0.1605392,1.58097,-0.04521501,-0.3268907,1.558843,-0.146872,-0.01491713,1.431242,0.3061154,0.07726099,1.393274,NA,NA,Unknown,NotTracked,
0.1132813,-1.093262,0.1137695,-1.129883,-0.3349609,0.1308594,5,5,1,-8,2,-4,-6,-6,-3,-2,-8,1,-6,0,1,-2,31.875,31.875,31.875,-50.1875,-50.1875,-50.1875,2.660684,4.641507,4.113078,2.265507,7.407168,3.590163,0.1322373,-0.02043207,1.366065,0.249761,0.3441216,1.482148,0.05239708,0.4285186,1.642465,0.2319334,-0.002437622,1.3585,0.2307508,0.3182826,1.511534,0.03994581,-0.02464637,1.62662,0.03607167,-0.3362779,1.597653,-0.1170058,0.1620416,1.571796,-0.04515643,-0.3268123,1.558799,-0.1449725,-0.01781029,1.428594,0.2999535,0.07380257,1.391323,NA,NA,Unknown,NotTracked,
0.08886719,-1.003418,-0.01269531,-1.006348,-0.2749023,0.04736328,-4,0,10,19,-9,-6,-41,-2,6,1,2,-1,-14,8,-6,7,18,18,18,-34.4375,-34.4375,-34.4375,2.675255,4.664141,4.132132,2.31672,7.363853,3.698418,0.1312679,-0.02683026,1.37978,0.2189474,0.3801165,1.499677,0.05112658,0.4288522,1.643825,0.1067752,-0.04538648,1.449615,0.2074701,0.3463661,1.523182,0.04063926,-0.02436212,1.6265,0.03627498,-0.3358438,1.597501,-0.1169416,0.1621595,1.572185,-0.04504775,-0.326498,1.558789,-0.1446726,-0.01776057,1.429025,0.2912619,0.09384527,1.380509,NA,NA,Open,NotTracked,
0.2021484,-0.9106445,0.1206055,-0.7993164,-0.1259766,-0.05664063,-3,-16,-3,1,13,17,5,0,-3,-3,0,-3,-3,-27,0,13,-13.9375,-13.9375,-13.9375,-158.375,-158.375,-158.375,2.659054,4.660402,4.146828,1.105605,7.45206,2.679584,0.1277391,-0.02188677,1.359442,0.1534697,0.3930521,1.478386,0.05074156,0.4286061,1.644371,0.2036365,-0.01046105,1.3468,0.2066161,0.4251059,1.4874,0.04100574,-0.02424208,1.626564,0.03654162,-0.3355463,1.597345,-0.1159668,0.1622676,1.573026,-0.04493349,-0.3261383,1.558661,-0.1452398,-0.01667275,1.428892,0.2788055,0.07886112,1.380759,NA,NA,Open,NotTracked,
-0.472168,-0.9711914,0.05224609,-0.9560547,0.2949219,-0.1928711,-6,-7,-3,-4,1,2,46,6,1,-7,-4,-12,4,12,4,1,-8,-8,-8,-160.3125,-160.3125,-160.3125,2.65766,4.651402,4.116716,7.74834,7.064272,9.570044,0.1292448,-0.0252026,1.367299,0.08518544,0.2925891,1.385341,0.04810101,0.4358816,1.641583,0.1942716,-0.03086049,1.376,0.07757846,0.301645,1.338409,0.04188041,-0.02419825,1.626444,0.03696586,-0.3354041,1.597336,-0.1145202,0.1617385,1.569286,-0.04448158,-0.3260912,1.559484,-0.1493563,-0.01942122,1.42956,0.2571355,0.05795068,1.383186,NA,NA,Unknown,Closed,
0.8271484,-1.009277,0.4003906,-0.6103516,0.3759766,0.1401367,-17,-32,-7,2,2,9,2,-7,-23,-26,-3,-4,6,-17,-19,-19,22.0625,22.0625,22.0625,-120.5625,-120.5625,-120.5625,2.736312,4.600758,4.078967,7.519929,6.424459,9.575156,0.1235932,-0.04633061,1.398156,0.005612762,0.1975878,1.35991,0.05077578,0.4369104,1.644973,0.07660405,-0.1281091,1.433889,-0.02776353,0.2238277,1.30825,0.04430955,-0.02518665,1.624233,0.03998078,-0.3400812,1.598109,-0.1154015,0.1615624,1.570499,-0.04191195,-0.3314474,1.562399,-0.1470528,-0.01944218,1.429728,0.2425409,0.03585345,1.388441,NA,NA,Unknown,Closed,
0.8144531,-0.8510742,0.1157227,-0.0234375,1.226074,-0.02636719,2,2,2,3,5,-3,-19,8,1,7,7,13,-19,2,4,-6,19.75,19.75,19.75,-4.125,-4.125,-4.125,2.76399,4.629571,4.098507,7.598131,5.662434,9.803539,0.1435629,-0.03599971,1.390957,-0.01565495,0.124547,1.364516,0.05180647,0.4336975,1.646908,0.2236836,-0.04056039,1.354,-0.03774296,0.1239534,1.331,0.04457557,-0.0259263,1.626073,0.04206295,-0.3405257,1.598391,-0.11626,0.1609456,1.569913,-0.03945103,-0.3320144,1.561031,-0.1344339,-0.02356892,1.431407,0.2283242,0.01665552,1.387058,NA,NA,NotTracked,NotTracked,
0.9624023,-1.013184,0.05908203,-0.2275391,1.295898,-0.1103516,0,-1,0,3,7,13,33,6,7,9,9,11,-30,-12,12,2,101.625,101.625,101.625,-34.4375,-34.4375,-34.4375,2.838532,4.657151,4.146733,7.628625,5.463919,9.965253,0.210914,0.004772269,1.364318,-0.004487475,0.1036109,1.381292,0.05230682,0.4326783,1.647301,0.1959992,-0.04798756,1.346286,-0.02760089,0.08879881,1.3485,0.04452704,-0.02532357,1.62712,0.04352915,-0.3383991,1.599062,-0.1165006,0.1605253,1.570301,-0.03765213,-0.3301315,1.561343,-0.1307055,-0.02520192,1.433028,0.2296531,0.01193002,1.386493,NA,NA,NotTracked,Unknown,
0.04003906,-1.04248,0.2670898,-0.503418,1.124512,-0.159668,6,0,6,-2,-6,-3,2,24,-4,-1,-3,-3,-5,6,-3,2,-6.3125,-6.3125,-6.3125,0.8125,0.8125,0.8125,2.835511,4.69999,4.153704,7.646944,5.455065,0.02161005,0.2065596,0.05850545,1.379846,-0.01546597,0.09746731,1.386704,0.05253666,0.4321942,1.647599,0.2445418,0.01400454,1.349363,-0.0509106,0.07652824,1.348462,0.04458953,-0.02506842,1.627849,0.04470757,-0.3373547,1.599589,-0.1165914,0.1601346,1.570639,-0.03627937,-0.3291768,1.561768,-0.1290485,-0.02697606,1.435221,0.2311286,0.009682728,1.386247,NA,NA,NotTracked,NotTracked,
0.7460938,-0.8349609,0.6572266,-0.1308594,0.8950195,-0.0078125,3,-1,-4,-6,-1,0,9,4,-2,0,4,0,16,9,2,-3,-4.0625,-4.0625,-4.0625,18.25,18.25,18.25,2.870043,4.630376,4.130057,7.640292,5.537374,9.952516,0.09211186,0.09595808,1.372831,-0.02214945,0.1068307,1.382574,0.05303612,0.4315615,1.647487,0.1311654,0.05032588,1.352762,-0.03103318,0.1080084,1.344658,0.04445201,-0.02507236,1.628429,0.04493774,-0.3372176,1.599688,-0.1168908,0.1599758,1.571057,-0.03607446,-0.3291055,1.561631,-0.1285875,-0.02903238,1.438453,0.2319493,0.008304879,1.385893,NA,NA,NotTracked,NotTracked,
0.40625,-0.7612305,0.2900391,-0.08886719,0.7607422,0.09619141,-1,-1,0,-7,-2,-1,1,-2,-3,-2,1,-1,-3,3,1,-1,38.8125,38.8125,38.8125,-2.0625,-2.0625,-2.0625,2.93646,4.520276,4.17132,7.582333,5.657681,9.822824,0.1421464,-0.0587359,1.396191,-0.007595885,0.1261884,1.365985,0.05335327,0.431213,1.647708,0.2258431,-0.06034642,1.3456,0.002334459,0.1367199,1.330733,0.04452769,-0.02505508,1.628968,0.04556362,-0.3370573,1.599947,-0.1177317,0.1600428,1.572146,-0.0353126,-0.3288701,1.560928,-0.1331106,-0.03147355,1.443987,0.237738,0.002063409,1.389633,NA,NA,NotTracked,NotTracked,
0.4296875,-0.6987305,0.2456055,-0.08642578,0.6953125,0.2197266,-4,0,-1,0,-1,0,0,-2,0,-1,0,-1,4,3,4,-1,91.5,91.5,91.5,-31.5,-31.5,-31.5,3.03192,4.373484,4.26435,7.408007,5.79779,9.51144,0.1167021,-0.08598276,1.400354,-0.001001203,0.131177,1.352404,0.05372634,0.4309296,1.647764,0.1221053,-0.09670681,1.330611,0.00854955,0.1490169,1.3275,0.04453342,-0.02502845,1.62925,0.04597317,-0.3369545,1.600109,-0.1185378,0.1600315,1.574031,-0.03492064,-0.328771,1.560925,-0.1521589,-0.03854616,1.462949,0.2495691,-0.009695853,1.403398,NA,NA,NotTracked,NotTracked,
0.4316406,-0.6254883,0.4624023,-0.1601563,0.6279297,0.3774414,0,-1,-1,1,1,1,-1,0,-3,-1,-3,-4,-6,-1,-2,-2,123.25,123.25,123.25,-76.875,-76.875,-76.875,3.172713,4.146825,4.384166,7.155215,5.726069,9.190655,0.1016526,-0.1515349,1.387248,0.04616031,0.08831684,1.327824,0.05425955,0.4309464,1.647526,0.05817103,-0.1349322,1.33359,0.05028198,0.1000188,1.293909,0.04461955,-0.02492096,1.629335,0.04620484,-0.3365794,1.600255,-0.118815,0.1601499,1.57622,-0.03452259,-0.3283456,1.561054,-0.1733732,-0.043526,1.487932,0.2696137,-0.01655119,1.438984,NA,NA,Unknown,Unknown,
0.6660156,-0.8920898,0.5,-0.2626953,0.6914063,0.6894531,-4,-3,-3,1,8,0,-2,-1,-2,-2,-3,0,20,0,0,-1,186.6875,186.6875,186.6875,-99.6875,-99.6875,-99.6875,3.345226,3.740719,4.654485,6.798383,5.345256,8.766164,0.05409941,-0.2465611,1.39637,0.100771,-0.01037444,1.325432,0.05510115,0.4311444,1.646147,0.06200548,-0.2254968,1.332833,0.1277665,-0.002662264,1.293154,0.04550786,-0.02470845,1.628871,0.04592953,-0.3359874,1.600848,-0.1188508,0.1604184,1.578659,-0.03394645,-0.3275335,1.561771,-0.1852597,-0.04762464,1.517547,0.2942705,-0.04682588,1.504352,NA,NA,Unknown,Unknown,
0.887207,-0.5756836,0.3208008,-0.4125977,0.9599609,0.6328125,-2,-2,0,-3,-11,0,0,0,0,3,3,5,1,-3,0,-1,286.25,286.25,286.25,-80.75,-80.75,-80.75,3.53099,3.41238,4.971228,6.672303,5.032876,8.573584,-0.02162993,-0.3323943,1.390854,0.1471884,-0.1382067,1.325908,0.05690622,0.4311211,1.64265,-0.06131261,-0.3551357,1.411167,0.1601341,-0.1260165,1.2892,0.04580671,-0.02515362,1.626717,0.04655867,-0.336925,1.599255,-0.1198544,0.1597787,1.579416,-0.03357847,-0.3301143,1.559441,-0.1923668,-0.06095893,1.552147,0.2920443,-0.05238469,1.571045,NA,NA,Unknown,Unknown,
0.9970703,-0.5766602,0.3886719,0.05029297,1.018066,0.5419922,-1,-3,1,-4,-5,3,1,-1,3,3,1,1,-3,-1,-4,-3,192.125,192.125,192.125,-35.875,-35.875,-35.875,3.340715,3.028483,5.732496,6.54814,4.33631,8.234774,-0.1042409,-0.3782057,1.440277,0.1984194,-0.272592,1.392147,0.05861755,0.4314981,1.638784,-0.1518515,-0.3972797,1.442867,0.2398025,-0.2405981,1.377958,0.04697843,-0.02507058,1.62223,0.04848047,-0.3367721,1.594948,-0.1223427,0.1581786,1.580908,-0.03259906,-0.3301609,1.555359,-0.1937007,-0.09193795,1.582214,0.2804272,-0.07745268,1.614653,NA,NA,Unknown,Unknown,
0.9916992,-0.4775391,0.2553711,0.796875,0.6323242,0.5712891,-2,-1,0,-1,1,0,-2,-3,0,0,-2,-2,0,12,2,1,187.75,187.75,187.75,-54.625,-54.625,-54.625,2.706222,2.857165,6.723053,6.518489,3.750074,7.945819,-0.1942136,-0.4137445,1.486583,0.255316,-0.3645935,1.453956,0.06115952,0.4315015,1.633121,-0.2340935,-0.4260353,1.502238,0.2684581,-0.3582215,1.417243,0.04682013,-0.02542971,1.620401,0.04821196,-0.3372416,1.594589,-0.1229431,0.1575708,1.5819,-0.03287123,-0.3301372,1.555093,-0.1997026,-0.1095813,1.60319,0.2837758,-0.1050986,1.63539,NA,NA,NotTracked,Lasso,
1.003906,-0.2602539,0.175293,0.7304688,0.9550781,0.3969727,-4,-5,-2,-1,1,1,-4,-9,3,0,2,-1,0,0,2,7,107.0625,107.0625,107.0625,-28.625,-28.625,-28.625,1.780296,2.835458,7.907271,6.649697,3.430102,7.75378,-0.2533984,-0.4237016,1.544929,0.2770412,-0.42189,1.522248,0.06341365,0.4317928,1.629258,-0.2897035,-0.4102157,1.563625,0.3184697,-0.4253536,1.514615,0.04758739,-0.02524894,1.618384,0.04875684,-0.3371673,1.594281,-0.1231697,0.1572978,1.583474,-0.03211643,-0.3294449,1.554207,-0.2071054,-0.116789,1.620145,0.2842001,-0.121208,1.646145,NA,NA,NotTracked,NotTracked,
1.043457,-0.1860352,0.159668,0.4399414,0.1450195,-0.2651367,1,-1,-1,-4,-3,-4,-5,-7,0,1,0,-2,1,-5,3,3,18.8125,18.8125,18.8125,42.0625,42.0625,42.0625,1.150057,2.876835,8.637551,6.87673,3.172788,7.493204,-0.284519,-0.4295849,1.596607,0.2939279,-0.4461822,1.577753,0.06501111,0.432,1.627109,-0.3168666,-0.3921729,1.623474,0.3254547,-0.4294779,1.57185,0.048213,-0.02501402,1.616865,0.04909451,-0.3370525,1.594033,-0.1229008,0.1572184,1.58424,-0.03175053,-0.3288601,1.553815,-0.2117552,-0.1189744,1.630718,0.2839449,-0.1296773,1.65265,NA,NA,Unknown,NotTracked,
0.9985352,-0.140625,0.01123047,1.368652,0.6142578,-0.1264648,-6,0,0,1,-1,1,5,29,0,-6,-5,-1,0,-8,-10,-25,-17.8125,-17.8125,-17.8125,56.875,56.875,56.875,0.9619131,2.862878,8.829208,7.295604,3.044088,7.192179,-0.2883478,-0.4275732,1.623515,0.2979613,-0.4485963,1.605489,0.06635122,0.4319809,1.625765,-0.3225143,-0.3974592,1.644,0.3337385,-0.4560432,1.607111,0.04877149,-0.02475851,1.616147,0.04944309,-0.3368675,1.593975,-0.1226568,0.1571847,1.584665,-0.03129773,-0.3282216,1.553535,-0.2138864,-0.1198229,1.637575,0.2840572,-0.1339575,1.656215,NA,NA,Unknown,NotTracked,
0.9213867,-0.1972656,0.06982422,0.7573242,0.2919922,0.3613281,22,3,1,1,1,2,4,39,7,3,2,0,1,12,8,56,-26.125,-26.125,-26.125,9.9375,9.9375,9.9375,1.156864,2.808294,8.586548,7.092358,3.032264,7.424311,-0.2743157,-0.4239924,1.622249,0.2906461,-0.4481114,1.604202,0.06739095,0.4321517,1.625105,-0.3132428,-0.4012842,1.645429,0.3326529,-0.4539577,1.613365,0.04921855,-0.02448019,1.6157,0.04967638,-0.3365584,1.594078,-0.1225678,0.157369,1.585106,-0.03105163,-0.3275392,1.553495,-0.21297,-0.1194025,1.641312,0.2842965,-0.1345285,1.65889,NA,NA,Lasso,NotTracked,
0.9389648,-0.2089844,-0.001464844,0.8427734,0.3779297,0.234375,6,0,-2,-2,-2,-3,-2,-7,1,-1,-2,-1,1,-9,1,0,-5.875,-5.875,-5.875,15.375,15.375,15.375,1.538671,2.772583,8.183723,6.940882,3.058649,7.603931,-0.2509111,-0.4274068,1.601292,0.2785827,-0.4422547,1.589937,0.06840144,0.4323767,1.624295,-0.2900504,-0.4019594,1.626417,0.3182188,-0.4371858,1.593643,0.04971134,-0.02424426,1.615616,0.05049554,-0.3361101,1.594755,-0.1220789,0.1577466,1.585618,-0.03026663,-0.3269352,1.554045,-0.2108185,-0.1194898,1.642147,0.2839949,-0.1335786,1.660108,NA,NA,Unknown,NotTracked,
1.004883,-0.1879883,-0.1088867,1.337402,0.3520508,0.5742188,1,-1,1,0,-1,-1,0,-3,-3,-1,0,-1,-1,16,3,-1,-7.125,-7.125,-7.125,0.5625,0.5625,0.5625,2.221989,2.764374,7.483826,6.813993,3.092274,7.743402,-0.2288457,-0.4266531,1.576997,0.2700272,-0.4347229,1.576919,0.06890333,0.4324116,1.624125,-0.2651052,-0.4096961,1.587706,0.3128224,-0.4441822,1.590333,0.05047904,-0.02408018,1.616108,0.05155141,-0.3356355,1.596729,-0.1219102,0.1578421,1.586208,-0.02921119,-0.3264711,1.555927,-0.2050397,-0.1217052,1.640818,0.2831242,-0.1321453,1.659589,NA,NA,NotTracked,NotTracked,
1,-0.1928711,-0.06982422,0.8833008,0.390625,-0.1699219,-5,-2,-1,1,1,-1,1,-8,-1,0,-2,0,-1,-8,4,2,-40.125,-40.125,-40.125,29,29,29,2.559839,2.777749,7.086258,6.687408,3.141048,7.920264,-0.2102134,-0.4261398,1.558178,0.2637997,-0.4269387,1.564903,0.06911964,0.4323508,1.624136,-0.2499619,-0.4023234,1.57975,0.3057775,-0.4339662,1.574154,0.05091798,-0.02405462,1.616843,0.05191741,-0.3355227,1.598283,-0.1215234,0.1580099,1.58686,-0.02884059,-0.3264715,1.55797,-0.1973866,-0.1230495,1.637122,0.2816599,-0.1304835,1.656674,NA,NA,NotTracked,NotTracked,
0.9770508,-0.2250977,0.009277344,1.297363,0.3061523,0.4711914,0,-1,0,1,0,-2,-1,2,-3,-3,-2,-1,2,36,3,-1,-31.8125,-31.8125,-31.8125,24.5625,24.5625,24.5625,2.761559,2.798087,6.817066,6.692186,3.165565,7.967046,-0.1922417,-0.4230178,1.546998,0.2614256,-0.4254823,1.555423,0.06920757,0.4322547,1.624296,-0.2388649,-0.42076,1.5608,0.3074726,-0.4269434,1.566583,0.05103679,-0.02420213,1.617603,0.05155273,-0.3358661,1.599188,-0.1215166,0.1579137,1.588403,-0.02934201,-0.3267915,1.559435,-0.1930995,-0.1248157,1.633979,0.2806356,-0.1293078,1.653476,NA,NA,NotTracked,NotTracked,
0.9711914,-0.2265625,0.07128906,0.246582,0.2397461,-0.2666016,0,1,-2,-2,-1,-2,-3,-5,-1,1,0,-1,0,1,2,0,-21.875,-21.875,-21.875,12.9375,12.9375,12.9375,2.894769,2.821988,6.626622,6.746698,3.18539,7.950571,-0.1829361,-0.4224363,1.540568,0.2604434,-0.4254975,1.547761,0.06922486,0.4321688,1.625254,-0.231776,-0.4115638,1.553393,0.3081527,-0.4290827,1.555286,0.05092725,-0.0243659,1.618563,0.05076925,-0.3362909,1.600042,-0.1219064,0.1576157,1.590788,-0.03027218,-0.3271455,1.560766,-0.1912115,-0.124778,1.632688,0.2805411,-0.1287157,1.651351,NA,NA,NotTracked,NotTracked,
0.9482422,-0.2392578,0.078125,0.5483398,0.347168,-0.1884766,-1,-2,-2,-2,-2,0,-3,-4,-3,-3,-1,-3,0,5,1,1,-7.375,-7.375,-7.375,6.625,6.625,6.625,2.895368,2.835126,6.607799,6.726379,3.21033,7.978946,-0.1810908,-0.4221784,1.536506,0.2585958,-0.423209,1.540918,0.0691765,0.4322099,1.626144,-0.2306131,-0.4187516,1.545166,0.3075013,-0.4266759,1.552072,0.05084309,-0.02458811,1.619329,0.05022858,-0.3365361,1.600452,-0.1220298,0.1572578,1.591882,-0.03081097,-0.3273956,1.561316,-0.189531,-0.1243312,1.631157,0.2813596,-0.1277605,1.649363,NA,NA,NotTracked,NotTracked,
0.9819336,-0.2246094,0.06982422,0.7900391,0.3803711,0.1425781,4,-1,-2,-1,-1,-2,-2,4,0,1,0,-1,-1,-1,1,0,2.5625,2.5625,2.5625,7.5,7.5,7.5,2.858687,2.840934,6.643482,6.715854,3.230074,8.00044,-0.1840564,-0.425005,1.536838,0.2582501,-0.4208166,1.537207,0.06896721,0.4317325,1.627833,-0.2360041,-0.4175004,1.554212,0.3060542,-0.4247281,1.541687,0.05076452,-0.02465434,1.620237,0.04975261,-0.3364997,1.600768,-0.1220912,0.1571553,1.593619,-0.03122395,-0.327287,1.56157,-0.1886327,-0.1248064,1.62995,0.2822066,-0.1268958,1.64829,NA,NA,NotTracked,NotTracked,
