ALX,ALY,ALZ,ARX,ARY,ARZ,EMG0L,EMG1L,EMG2L,EMG3L,EMG4L,EMG5L,EMG6L,EMG7L,EMG0R,EMG1R,EMG2R,EMG3R,EMG4R,EMG5R,EMG6R,EMG7R,GLX,GLY,GLZ,GRX,GRY,GRZ,ORL,OPL,OYL,ORR,OPR,OYR,LHNX,LHNY,LHNZ,RHNX,RHNY,RHNZ,HX,HY,HZ,LTX,LTY,LTZ,RTX,RTY,RTZ,SpineMidX,SpineMidY,SpineMidZ,SpineBaseX,SpineBaseY,SpineBaseZ,ShoulderLeftX,ShoulderLeftY,ShoulderLeftZ,ShoulderRightX,ShoulderRightY,ShoulderRightZ,ElbowLeftX,ElbowLeftY,ElbowLeftZ,ElbowRightX,ElbowRightY,ElbowRightZ,Myo_Pose_left,Myo_Pose_Right,Kinect_pose_left,Kinect_pose_right
0.9331055,0.2719727,0.03027344,0.949707,-0.2841797,-0.1098633,1,-2,-1,0,0,-3,-2,1,-1,-2,-3,0,-1,-2,0,-2,0,0,0,0.1875,0.1875,0.1875,7.312319,2.94317,4.389077,1.900155,2.997804,4.478917,-0.1072805,-0.3946337,1.555327,0.3267432,-0.4144166,1.504349,0.131197,0.4760939,1.634464,-0.0542655,-0.383509,1.518982,0.3752653,-0.4175215,1.495985,0.1259254,0.005005146,1.639896,0.1261583,-0.3305595,1.617159,-0.06106376,0.1978586,1.624171,0.03864767,-0.3230157,1.583891,-0.1156596,-0.09276956,1.627714,0.3441812,-0.08769917,1.580756,NA,NA,NotTracked,NotTracked,
0.9379883,0.277832,0.02978516,0.9428711,-0.2890625,-0.1147461,-1,-1,-1,1,-2,0,0,-2,-3,-1,0,-1,-1,0,-1,-3,0.25,0.25,0.25,-1.8125,-1.8125,-1.8125,7.312291,2.943748,4.389007,1.897004,2.998433,4.479974,-0.1072275,-0.3938593,1.555494,0.3267428,-0.4141373,1.504729,0.131219,0.4760872,1.634445,-0.05446736,-0.3821766,1.520464,0.3756453,-0.4180996,1.497555,0.1259158,0.005001867,1.6399,0.126102,-0.3305693,1.617176,-0.06107057,0.1978573,1.624073,0.03860239,-0.3230118,1.58389,-0.1156799,-0.09279002,1.627664,0.3441356,-0.08755878,1.580784,NA,NA,NotTracked,NotTracked,
0.940918,0.2729492,0.02685547,0.9428711,-0.277832,-0.1157227,-2,-2,-1,1,-1,1,-2,2,-1,0,0,-1,-1,-1,-2,-1,-2.3125,-2.3125,-2.3125,0,0,0,7.316434,2.946322,4.381546,1.897004,2.998433,4.479974,-0.1073594,-0.3942012,1.555256,0.3265058,-0.4140946,1.504516,0.131263,0.476102,1.634383,-0.05452969,-0.3820188,1.520036,0.3755745,-0.4181748,1.497077,0.1258589,0.005019379,1.639878,0.1260783,-0.3305718,1.617154,-0.06108128,0.1978847,1.624021,0.03858114,-0.3230186,1.583838,-0.1157252,-0.09285279,1.627612,0.3440582,-0.08764336,1.580759,NA,NA,NotTracked,NotTracked,
0.9326172,0.2695313,0.03222656,0.949707,-0.2905273,-0.1137695,0,-1,-1,-3,0,-1,0,2,-3,-1,0,0,-1,-1,-1,-1,-1.25,-1.25,-1.25,-1.875,-1.875,-1.875,7.320525,2.947808,4.374363,1.893528,2.997951,4.479781,-0.1077024,-0.3940198,1.555634,0.3265002,-0.4138189,1.504805,0.1313194,0.476117,1.634335,-0.05435439,-0.3815603,1.519882,0.3763572,-0.4232819,1.497045,0.1258595,0.005028743,1.63988,0.1260334,-0.3305336,1.617128,-0.06106539,0.1979284,1.623958,0.03850844,-0.3229477,1.5838,-0.1157756,-0.09277377,1.627562,0.3440674,-0.08766284,1.580749,NA,NA,NotTracked,NotTracked,
0.9326172,0.2685547,0.02929688,0.9458008,-0.28125,-0.1186523,-1,-1,-2,-1,0,0,1,1,-2,0,-1,-2,-2,-3,-1,-2,4.0625,4.0625,4.0625,-1,-1,-1,7.332087,2.94767,4.369018,1.893579,2.998401,4.480225,-0.1078168,-0.3931994,1.55604,0.3269863,-0.413718,1.504825,0.1313345,0.476107,1.634379,-0.05425036,-0.3840868,1.518196,0.3757136,-0.4211323,1.496179,0.1258095,0.005046877,1.639894,0.1259858,-0.3305226,1.617137,-0.06104533,0.1979805,1.623839,0.03846016,-0.3229384,1.583819,-0.1158124,-0.09279143,1.627499,0.3440495,-0.08766054,1.580707,NA,NA,NotTracked,NotTracked,
0.9379883,0.269043,0.01708984,0.9487305,-0.2910156,-0.1191406,-1,-1,0,1,0,-1,-3,-3,0,0,-3,0,-1,-2,-1,-2,4.1875,4.1875,4.1875,0.125,0.125,0.125,7.34032,2.946159,4.368676,1.892527,2.998554,4.479918,-0.1077979,-0.3937857,1.555689,0.3266741,-0.4137384,1.505375,0.1313316,0.476117,1.634438,-0.05438025,-0.3828346,1.519643,0.3757815,-0.4179677,1.49801,0.1258018,0.005044367,1.639914,0.1259227,-0.33053,1.61717,-0.0610421,0.1980143,1.62383,0.03840074,-0.3229439,1.583859,-0.1158906,-0.09284263,1.627384,0.3440347,-0.08763791,1.580724,NA,NA,NotTracked,NotTracked,
0.9321289,0.2749023,0.02832031,0.9155273,-0.3925781,-0.1401367,-1,-1,0,0,-2,-3,0,-6,-6,-3,-4,-3,-8,-4,-10,-7,-0.125,-0.125,-0.125,16.0625,16.0625,16.0625,7.341913,2.946523,4.368493,1.904442,3.010343,4.478878,-0.1082336,-0.393084,1.554338,0.3264337,-0.4136055,1.504002,0.131355,0.4761308,1.634537,-0.05446986,-0.384288,1.519129,0.3757013,-0.4212687,1.496006,0.1257997,0.005051193,1.639932,0.1258827,-0.3305196,1.61721,-0.06104175,0.1980426,1.623788,0.03836825,-0.3229365,1.583904,-0.1159203,-0.09283122,1.627314,0.3440071,-0.08762261,1.580719,NA,NA,NotTracked,NotTracked,
0.934082,0.284668,0.04296875,0.940918,-0.3066406,-0.152832,0,0,-1,-1,-1,2,0,-2,-3,-5,1,0,-2,-4,0,10,3.5625,3.5625,3.5625,39.5,39.5,39.5,7.346374,2.948114,4.366925,1.982175,3.043289,4.476851,-0.1101628,-0.3937983,1.546769,0.3268855,-0.413426,1.503294,0.131329,0.4761578,1.634575,-0.05448699,-0.385082,1.518785,0.3752679,-0.4197871,1.492542,0.1257771,0.005084336,1.639939,0.1258399,-0.3304944,1.617266,-0.06105731,0.1980897,1.623686,0.03833717,-0.3228932,1.583973,-0.1161273,-0.0927465,1.627175,0.3439979,-0.08768021,1.580586,NA,NA,NotTracked,NotTracked,
0.9199219,0.2763672,0.01904297,0.9760742,-0.5825195,-0.08056641,-1,-3,0,-1,0,-1,2,2,-3,-1,-2,-2,1,1,-2,-1,3.1875,3.1875,3.1875,-2.75,-2.75,-2.75,7.358691,2.951886,4.364427,2.069699,3.117027,4.390415,-0.1138852,-0.3934019,1.530445,0.3270172,-0.4132453,1.503867,0.1313044,0.4762222,1.634617,-0.06706902,-0.3776486,1.551361,0.3751959,-0.4223886,1.492154,0.1257758,0.005093029,1.640015,0.1257553,-0.3304353,1.617477,-0.06105364,0.1981559,1.623735,0.03825222,-0.3227965,1.584418,-0.1165918,-0.09247955,1.627321,0.3439975,-0.08766373,1.580574,NA,NA,NotTracked,NotTracked,
0.9165039,0.2749023,0.03466797,0.9741211,-0.5888672,0.05078125,1,-1,-1,-1,0,-1,-4,-11,-3,1,0,-1,-1,-1,1,1,4,4,4,-21.4375,-21.4375,-21.4375,7.346766,2.951645,4.382744,2.32827,3.283886,4.096871,-0.1111372,-0.3738235,1.494868,0.3265263,-0.4130694,1.503436,0.1311441,0.4762334,1.63466,-0.06423553,-0.3918402,1.512786,0.3742374,-0.4201301,1.490043,0.125774,0.005093676,1.640041,0.1257477,-0.3304229,1.617517,-0.0611425,0.1982767,1.623856,0.03824048,-0.3227928,1.584544,-0.11985,-0.08648974,1.625908,0.3439959,-0.08769337,1.580492,NA,NA,Unknown,NotTracked,
0.940918,0.2802734,0.03955078,0.9287109,-0.659668,0.1923828,0,-1,1,-1,-1,-1,-1,-2,-2,-2,-3,-1,-1,-1,-3,-1,5.4375,5.4375,5.4375,-28.25,-28.25,-28.25,7.335271,2.950759,4.403174,2.52231,3.464424,3.818356,-0.07956418,-0.3403762,1.458002,0.3261209,-0.4130573,1.502867,0.130948,0.4762143,1.634721,-0.03718212,-0.3400087,1.478,0.3736724,-0.4108335,1.4919,0.1258598,0.005074286,1.640106,0.1259902,-0.3304661,1.617558,-0.06137794,0.1987507,1.624384,0.03849112,-0.3230682,1.5847,-0.1231221,-0.06933653,1.623954,0.3439494,-0.08766133,1.580343,NA,NA,Unknown,NotTracked,
0.9682617,0.3901367,-0.01220703,0.8178711,-0.6357422,0.2592773,-13,-2,-5,0,1,0,3,18,-1,-1,3,7,4,-2,-1,0,-33,-33,-33,-17.75,-17.75,-17.75,7.312858,2.978274,4.404329,2.697448,3.68681,3.552369,-0.03615593,-0.2997385,1.424679,0.3253217,-0.4128459,1.499985,0.1307097,0.4761555,1.634932,0.005326322,-0.2923406,1.42914,0.3738845,-0.4311442,1.484455,0.1261125,0.005067858,1.640001,0.127555,-0.3305048,1.616452,-0.0613167,0.1996071,1.624893,0.03977706,-0.3239288,1.583903,-0.1275742,-0.04787331,1.620811,0.3438124,-0.08740743,1.580063,NA,NA,Closed,NotTracked,
0.9799805,0.3774414,0.04052734,0.6704102,-0.5454102,0.1621094,19,-6,-6,-3,-2,-3,-4,13,-1,-2,1,-1,-1,0,-1,-3,-32.0625,-32.0625,-32.0625,-18.75,-18.75,-18.75,7.218482,3.047164,4.419346,2.823861,3.896252,3.330251,0.02179941,-0.2674865,1.424567,0.3235818,-0.4107519,1.489855,0.1305113,0.476326,1.635429,0.01979278,-0.3434516,1.4715,0.3767757,-0.4217087,1.481417,0.1261636,0.005090445,1.640082,0.1277133,-0.3304943,1.616306,-0.06064988,0.2005149,1.625434,0.03998137,-0.3242426,1.583778,-0.1317378,-0.04071112,1.615683,0.3436485,-0.08678757,1.579933,NA,NA,Closed,NotTracked,
0.9887695,0.9038086,0.1879883,0.5952148,-0.5566406,0.1025391,-12,-10,-2,-5,-4,-2,-7,-3,-2,-3,-2,0,-4,-7,-4,1,-49.0625,-49.0625,-49.0625,-26,-26,-26,7.122921,3.217992,4.466157,2.893559,4.060086,3.114059,0.05391596,-0.2458255,1.425131,0.3157785,-0.3960325,1.453203,0.1302625,0.476693,1.636472,0.0637434,-0.3191041,1.46525,0.3468337,-0.3975955,1.413137,0.1257012,0.005291327,1.641038,0.1266905,-0.3305336,1.617662,-0.05961661,0.2012597,1.625662,0.03931912,-0.3243486,1.58488,-0.132853,-0.0394717,1.61,0.3440421,-0.08562382,1.579981,NA,NA,Closed,Unknown,
0.8759766,0.7280273,0.4711914,0.6005859,-0.6347656,0.04492188,-3,-6,0,2,6,-3,1,0,0,1,-1,0,0,-5,-3,2,-14.625,-14.625,-14.625,-20.9375,-20.9375,-20.9375,6.834915,3.612048,4.680723,2.908617,4.08523,3.002382,0.06553064,-0.2437168,1.434698,0.28456,-0.3486117,1.386661,0.1301269,0.4769715,1.637712,0.02015493,-0.2978036,1.492932,0.3087119,-0.3505498,1.33856,0.1249437,0.005650134,1.642409,0.1237367,-0.3299083,1.619512,-0.05834307,0.2022144,1.625631,0.03655692,-0.3231753,1.5865,-0.1327293,-0.03817202,1.604225,0.3471672,-0.07391723,1.577161,NA,NA,Closed,Closed,
0.7080078,0.7978516,0.6699219,0.6044922,-0.8056641,0.1889648,2,-3,0,-1,11,3,-2,-1,0,-2,-1,-1,1,-3,-3,1,41.25,41.25,41.25,-55.3125,-55.3125,-55.3125,6.753104,4.019845,4.852294,2.863874,4.058075,2.897183,0.0720518,-0.243536,1.440873,0.2128588,-0.2704929,1.330965,0.1299451,0.4772864,1.638913,0.01857012,-0.2937978,1.494413,0.2365318,-0.2705369,1.276937,0.123603,0.005760254,1.643552,0.1193799,-0.3296347,1.620692,-0.05666389,0.201889,1.62535,0.03219949,-0.3213537,1.58777,-0.1324003,-0.03796431,1.599275,0.3490918,-0.05241528,1.567693,NA,NA,NotTracked,Closed,
0.324707,0.7084961,0.7177734,0.5961914,-0.8378906,0.1904297,-2,2,2,0,-1,2,-2,-4,0,-3,-2,-3,-2,-1,1,-2,46.8125,46.8125,46.8125,-32.3125,-32.3125,-32.3125,6.717801,4.453264,5.080068,2.826298,4.035542,2.844658,0.05072417,-0.2467752,1.44499,0.129871,-0.169969,1.295467,0.129802,0.4772488,1.640111,0.02542187,-0.3002774,1.491903,0.09793299,-0.2287037,1.362333,0.1243433,0.006106062,1.645333,0.1223221,-0.3289471,1.623256,-0.05574853,0.2021932,1.625096,0.03595499,-0.3213173,1.590222,-0.1320552,-0.03729326,1.594601,0.3506635,-0.04839771,1.549552,NA,NA,NotTracked,NotTracked,
0.08789063,0.6855469,0.6269531,0.5610352,-0.8515625,0.2001953,6,1,-2,-11,-10,-4,0,4,0,-2,-2,-1,-2,0,-1,-2,61.875,61.875,61.875,-14.1875,-14.1875,-14.1875,6.777776,4.95532,5.418917,2.814389,4.024775,2.810216,0.07657579,-0.2492478,1.446494,0.05185452,-0.06138884,1.304347,0.1296905,0.4772266,1.641367,0.05096785,-0.2794545,1.407777,0.02718187,-0.09266374,1.29975,0.1253473,0.006464553,1.646437,0.1244966,-0.3282364,1.624039,-0.05370623,0.2006421,1.624667,0.0380353,-0.3212944,1.59107,-0.1305748,-0.03833274,1.589139,0.3418031,-0.03567082,1.505488,NA,NA,Unknown,NotTracked,
0.09375,0.7094727,0.4438477,0.5825195,-0.8413086,0.1850586,2,-1,0,-1,-10,-2,-1,0,0,-1,0,-4,-2,-2,-1,2,41.125,41.125,41.125,3,3,3,6.871832,5.212722,5.669227,2.822929,4.027337,2.789301,0.09030474,-0.2593863,1.443944,-0.006311488,0.02161865,1.342613,0.1300196,0.4770292,1.642452,0.04086353,-0.3155604,1.487774,-0.03118205,-0.01131399,1.336667,0.1265952,0.007775882,1.647904,0.1272507,-0.3249952,1.625651,-0.0512721,0.202779,1.623869,0.04128065,-0.3185566,1.592601,-0.1202488,-0.0462652,1.571679,0.3221251,-0.02214522,1.472811,NA,NA,Unknown,Unknown,
0.1269531,0.6738281,0.3364258,0.5620117,-0.8061523,0.1728516,-11,-6,-2,7,3,1,3,-2,0,1,0,-3,-1,-3,-2,-2,16.5625,16.5625,16.5625,-7.0625,-7.0625,-7.0625,6.945972,5.355768,5.88871,2.828104,4.033709,2.77682,0.1013705,-0.2656216,1.44231,-0.04083742,0.06903121,1.378791,0.1305515,0.4769125,1.643365,0.03895453,-0.313198,1.489752,-0.04394746,0.04389047,1.340889,0.1273121,0.008529314,1.649046,0.1287128,-0.3231309,1.627292,-0.0514997,0.2043684,1.623009,0.04346819,-0.3169256,1.594269,-0.1201481,-0.04649032,1.571307,0.2928511,-0.01364361,1.452034,NA,NA,Closed,Unknown,
0.2670898,0.7192383,0.2207031,0.5776367,-0.8168945,0.184082,-3,9,6,-5,5,0,-3,-2,-2,0,0,-3,-1,1,-1,0,-2.5625,-2.5625,-2.5625,-4.75,-4.75,-4.75,7.002655,5.397625,6.105005,2.825939,4.042604,2.764308,0.09336823,-0.2583249,1.440037,-0.05158575,0.08739576,1.40962,0.1309354,0.4769016,1.644094,0.04938673,-0.3135344,1.486388,-0.101734,0.06307533,1.402621,0.1281917,0.009101437,1.649739,0.1300603,-0.3221261,1.627995,-0.05151016,0.2041374,1.622989,0.045001,-0.3162413,1.595372,-0.1197703,-0.04552922,1.571163,0.2707216,-0.005908707,1.441589,NA,NA,Unknown,Unknown,
0.3520508,0.8266602,0.2387695,0.590332,-0.7910156,0.1826172,0,-2,-4,-6,-6,-1,1,1,-3,-2,-1,1,-1,-2,-3,1,-8.5,-8.5,-8.5,1.3125,1.3125,1.3125,7.011772,5.378637,6.15903,2.829361,4.055463,2.760002,0.09402613,-0.2519993,1.440067,-0.04413493,0.08617137,1.428514,0.1309824,0.4768954,1.64429,0.03328782,-0.3000451,1.491273,-0.08071484,0.07016724,1.403838,0.1285242,0.009397113,1.650026,0.1307925,-0.3213665,1.628295,-0.05151293,0.2040737,1.622952,0.0458465,-0.3156837,1.595928,-0.1195678,-0.03339055,1.557353,0.2679233,-0.004991535,1.440794,NA,NA,Unknown,Unknown,
0.02587891,0.9443359,0.3442383,0.5732422,-0.7958984,0.1650391,-11,-3,2,18,4,2,1,-5,-2,-1,0,-1,-3,-1,-1,0,-54.375,-54.375,-54.375,6.5625,6.5625,6.5625,6.921391,5.353583,6.172704,2.83304,4.065367,2.766123,0.09474125,-0.248606,1.438691,-0.03067197,0.08290607,1.444829,0.1302605,0.4769572,1.644689,0.1525267,-0.2602962,1.45225,0.001569079,0.09007268,1.495056,0.1283396,0.009810067,1.650203,0.1308007,-0.3206476,1.628503,-0.05321025,0.2061406,1.621765,0.04596927,-0.3150387,1.596117,-0.1189751,-0.03260338,1.55915,0.2675777,-0.01021881,1.4457,NA,NA,Closed,Unknown,
-0.1342773,0.9350586,0.4448242,0.574707,-0.7885742,0.1806641,-5,3,3,-16,-3,1,0,-1,1,-2,1,-3,-3,1,-2,-2,-52.75,-52.75,-52.75,3.5,3.5,3.5,6.849999,5.349721,6.121914,2.837848,4.06989,2.773429,0.0951969,-0.2479936,1.436466,-0.004352195,0.07441781,1.454655,0.1283976,0.4771643,1.644673,0.03557004,-0.2967164,1.490059,0.02004381,0.1088761,1.4966,0.127935,0.009887256,1.650322,0.1306703,-0.3205332,1.628776,-0.05609433,0.2068131,1.620912,0.04593999,-0.3149169,1.596458,-0.1191106,-0.03371153,1.563918,0.2853042,-0.02136805,1.461599,NA,NA,Closed,Unknown,
-0.7397461,0.8891602,0.4814453,0.5512695,-0.8168945,0.2001953,-6,-9,0,-5,-2,-3,-4,-5,-2,-1,-1,-2,-2,-5,-2,0,-24,-24,-24,-3.5625,-3.5625,-3.5625,6.686722,5.368679,5.9265,2.840652,4.066174,2.772597,0.09431085,-0.2459785,1.43895,0.02387532,0.0684596,1.456478,0.1243604,0.4773896,1.643673,0.1463315,-0.2161687,1.466022,0.05871597,0.1034711,1.507652,0.1270569,0.009825001,1.650088,0.1301165,-0.3206533,1.628837,-0.05834833,0.2063971,1.620532,0.04546324,-0.3150353,1.596479,-0.1199285,-0.03504483,1.56692,0.3107203,-0.03052001,1.480852,NA,NA,Unknown,Unknown,
-0.6625977,0.7954102,0.3388672,0.534668,-0.8383789,0.2207031,-4,5,-1,-1,-3,-3,4,-1,0,-2,0,-1,1,0,0,1,24.3125,24.3125,24.3125,-7.5,-7.5,-7.5,6.694814,5.387917,5.878922,2.835307,4.061454,2.767361,0.095116,-0.2470052,1.441137,0.03430187,0.06445377,1.455125,0.120981,0.4771845,1.642107,0.03619622,-0.2986832,1.488926,0.05632098,0.1055571,1.504864,0.1261141,0.00967257,1.649662,0.1293524,-0.3208878,1.628665,-0.05892557,0.2043527,1.620953,0.04456329,-0.3152804,1.596223,-0.1207222,-0.03722863,1.568791,0.3249952,-0.0322338,1.488872,NA,NA,Closed,Unknown,
-0.4873047,0.8544922,0.4946289,0.5322266,-0.8481445,0.1967773,-4,-2,-1,-3,-1,1,5,8,-1,0,-2,0,1,2,0,0,40.1875,40.1875,40.1875,-3,-3,-3,6.762139,5.419885,5.888884,2.832062,4.059419,2.765495,0.09487458,-0.2468699,1.44153,0.03221389,0.06565377,1.449448,0.1189449,0.476796,1.641284,0.1495435,-0.2166644,1.465033,0.04401955,0.11323,1.498063,0.1252923,0.009434107,1.649274,0.1284035,-0.3210838,1.628202,-0.05860173,0.2025725,1.621436,0.04355579,-0.3154627,1.595809,-0.1210166,-0.03888377,1.569651,0.3273995,-0.03182087,1.48901,NA,NA,Unknown,Unknown,
-0.4360352,1.063477,0.4833984,0.5825195,-0.8579102,0.1884766,-3,7,2,1,-4,-2,-4,-5,-2,-2,-2,-1,1,-2,1,0,28.25,28.25,28.25,3.3125,3.3125,3.3125,6.850888,5.557004,5.95649,2.828858,4.061513,2.769368,0.09471238,-0.2478034,1.442252,0.0279972,0.07994153,1.448834,0.1180029,0.4763259,1.641403,0.1491422,-0.2159696,1.465644,0.05913543,0.1162819,1.498437,0.1246419,0.009364218,1.649337,0.1275188,-0.3209714,1.627922,-0.05982996,0.2028595,1.622409,0.04271758,-0.3153369,1.595754,-0.1205752,-0.03907393,1.570964,0.326454,-0.03093153,1.486385,NA,NA,Closed,Unknown,
-0.3774414,1.006348,0.53125,0.5751953,-0.8139648,0.1621094,-2,2,-1,1,-3,-6,-8,-10,-1,-1,-1,-3,-1,0,-1,-2,-14,-14,-14,4.8125,4.8125,4.8125,6.868166,5.750247,5.996703,2.834981,4.062077,2.776683,0.09360625,-0.246752,1.441593,0.03236753,0.1129308,1.450829,0.1176924,0.4761624,1.641545,0.1483992,-0.2115284,1.465335,0.02983136,0.1705738,1.460944,0.1244078,0.00936966,1.649416,0.1273226,-0.3209097,1.627854,-0.0604533,0.2038984,1.622931,0.04254705,-0.3152902,1.595705,-0.1204025,-0.03869247,1.574771,0.3144976,-0.02734127,1.475206,NA,NA,Unknown,Unknown,
-0.3598633,0.6733398,0.3198242,0.5551758,-0.8232422,0.1650391,1,-3,-2,-5,0,-3,2,23,0,-2,-1,-2,-1,-3,-1,-4,-29.125,-29.125,-29.125,0,0,0,6.833279,6.055721,6.050238,2.833106,4.06149,2.780909,0.09249064,-0.2478286,1.441592,0.03531332,0.1570631,1.46957,0.1179504,0.4760622,1.641781,0.1439766,-0.208212,1.466959,0.03600575,0.1052042,1.526599,0.1236623,0.009047784,1.648316,0.1272744,-0.3214247,1.627791,-0.05804536,0.2018063,1.622118,0.04236248,-0.316033,1.595266,-0.1207865,-0.04036157,1.576424,0.2922868,-0.02011695,1.462772,NA,NA,Unknown,Closed,
-0.4418945,0.5405273,0.3100586,0.5556641,-0.8125,0.1733398,0,-2,-1,-2,1,-4,1,21,-2,-2,0,-2,-2,-2,-2,-2,-24.625,-24.625,-24.625,-7.75,-7.75,-7.75,6.808037,6.188657,6.081099,2.823693,4.055082,2.78008,0.09980872,-0.2491228,1.443384,0.03162201,0.2061563,1.471539,0.1188761,0.4760914,1.642334,0.1177322,-0.2408644,1.377531,0.02324753,0.1616888,1.538641,0.1239705,0.008691097,1.64851,0.1272545,-0.3225547,1.627807,-0.05320438,0.199042,1.619748,0.04205341,-0.3172612,1.594825,-0.1215404,-0.04199411,1.57778,0.2778118,-0.01555812,1.455784,NA,NA,Closed,Unknown,
-0.4648438,0.4394531,0.3334961,0.5712891,-0.8188477,0.1723633,-2,2,2,1,-1,0,1,1,0,-1,0,-1,-3,-1,0,-1,-33.6875,-33.6875,-33.6875,-9.1875,-9.1875,-9.1875,6.799507,6.173559,6.152534,2.812793,4.050083,2.774041,0.09321327,-0.2481601,1.4433,0.03154187,0.1995652,1.478981,0.1198854,0.4758863,1.6424,0.1448406,-0.20995,1.468235,0.02472379,0.1547055,1.536564,0.1245444,0.008247792,1.648437,0.127211,-0.3236205,1.627744,-0.05060516,0.1980788,1.618343,0.04174007,-0.3182825,1.594702,-0.1218465,-0.0423512,1.578878,0.2741859,-0.01433129,1.453492,NA,NA,Closed,Unknown,
-0.5698242,0.5253906,0.2958984,0.5576172,-0.8183594,0.1552734,-23,-22,-9,-3,-4,-1,-5,-17,1,-2,-1,-1,-2,-3,-2,-2,-24.25,-24.25,-24.25,0.75,0.75,0.75,6.806288,6.017633,6.242011,2.807127,4.050232,2.770727,0.09314653,-0.2485021,1.443769,0.02898942,0.1588397,1.491077,0.1205373,0.4757136,1.642339,0.1441936,-0.2093412,1.467653,0.09326915,0.1747007,1.539195,0.1238738,0.008140277,1.647429,0.1271175,-0.3237773,1.627704,-0.0502223,0.197843,1.617936,0.04156284,-0.3183917,1.594602,-0.1214667,-0.04268396,1.57955,0.2716937,-0.01435554,1.45246,NA,NA,Closed,Unknown,
-0.4501953,0.7485352,0.3554688,0.5678711,-0.8173828,0.1606445,-4,10,2,3,-5,-2,-8,-11,-2,-2,0,-2,-2,-4,0,0,10.625,10.625,10.625,-0.1875,-0.1875,-0.1875,6.824176,5.637385,6.287548,2.805963,4.050403,2.773088,0.09503604,-0.2485085,1.444071,0.01234069,0.1174439,1.502486,0.1209217,0.4754394,1.64214,0.1055956,-0.2323168,1.387529,0.06953266,0.1535918,1.537017,0.1234637,0.008321607,1.646985,0.1269392,-0.3236396,1.627789,-0.0520081,0.1985927,1.619526,0.04131551,-0.318076,1.59549,-0.1203064,-0.04267259,1.579778,0.2708305,-0.01604375,1.453442,NA,NA,Closed,Unknown,
-0.1875,1.040039,0.362793,0.5561523,-0.800293,0.1616211,-5,0,-1,-2,-2,-1,2,7,0,2,-1,1,1,0,-2,-2,47.1875,47.1875,47.1875,6.9375,6.9375,6.9375,6.886644,5.325763,6.289653,2.816285,4.044067,2.77651,0.09830175,-0.2573914,1.442834,0.01920163,0.0527592,1.494642,0.1212045,0.4754127,1.642156,0.1219464,-0.2438739,1.38082,0.06771974,0.103364,1.526812,0.1238695,0.008182662,1.647592,0.1267927,-0.3236248,1.627906,-0.05305153,0.1992265,1.621426,0.04115003,-0.3180766,1.596229,-0.1117824,-0.04300501,1.568639,0.2688566,-0.01777934,1.455911,NA,NA,Unknown,Unknown,
0.1616211,1.189941,0.3588867,0.5654297,-0.8134766,0.1689453,-8,4,5,-1,-1,-1,-6,6,-1,-2,-2,-2,-2,-4,0,-2,28.625,28.625,28.625,-1.8125,-1.8125,-1.8125,6.955016,5.074187,6.270654,2.817372,4.034571,2.776778,0.08327351,-0.2305888,1.460727,-0.01752105,0.01039585,1.495063,0.121902,0.4751033,1.641734,0.1406642,-0.1943739,1.470468,0.02078325,0.07627948,1.529459,0.1243774,0.007879519,1.648072,0.1268035,-0.323796,1.627982,-0.0524083,0.19872,1.622557,0.04118062,-0.3183067,1.596543,-0.1063953,-0.04610369,1.559341,0.2651438,-0.0192893,1.458652,NA,NA,Unknown,Unknown,
0.2241211,1.13623,0.3828125,0.5908203,-0.8120117,0.1738281,-6,-17,-9,-6,-3,-2,-2,-3,-2,-2,-1,-1,-2,-1,0,-3,19.25,19.25,19.25,-0.375,-0.375,-0.375,7.007734,4.872065,6.254187,2.817186,4.023654,2.771255,0.1017032,-0.2557564,1.447173,-0.0534698,-0.06550416,1.475161,0.1226756,0.4748927,1.641304,0.1218761,-0.2461524,1.3835,-0.04059632,-0.02145509,1.43208,0.1246768,0.007746371,1.648358,0.1267896,-0.3238721,1.628026,-0.05162651,0.1997586,1.623718,0.04113099,-0.3184096,1.596775,-0.1063452,-0.04410821,1.560001,0.2621036,-0.02023622,1.460542,NA,NA,NotTracked,Unknown,
0.109375,1.026367,0.347168,0.5888672,-0.8242188,0.1665039,4,3,5,3,1,-1,2,2,0,-1,0,-2,-1,-1,-2,-3,-6.5625,-6.5625,-6.5625,2.625,2.625,2.625,7.002264,4.827952,6.245606,2.822262,4.019186,2.76753,0.1016832,-0.2590198,1.447169,-0.01511059,-0.03031295,1.484648,0.123353,0.4744278,1.64076,0.1222837,-0.2473925,1.383631,-0.03731592,-0.03749238,1.422,0.1249683,0.007580689,1.648484,0.1267781,-0.3239284,1.628065,-0.05107448,0.2006753,1.624195,0.04111463,-0.3184547,1.59705,-0.1073458,-0.04063207,1.562433,0.2612131,-0.02062213,1.461052,NA,NA,NotTracked,NotTracked,
0.08984375,0.9541016,0.359375,0.5722656,-0.8139648,0.1669922,-4,3,0,2,-1,-4,-9,-12,-1,0,-2,-1,-3,-1,0,-1,-17.3125,-17.3125,-17.3125,0.125,0.125,0.125,6.979685,4.833626,6.231946,2.825715,4.018504,2.764381,0.09021293,-0.2393512,1.459537,-0.05117111,-0.0753379,1.472317,0.1237293,0.4743051,1.640616,0.1473805,-0.2026519,1.470514,-0.07496263,-0.05887264,1.42108,0.1252684,0.007498344,1.648735,0.1267712,-0.3239153,1.628125,-0.05091376,0.2008089,1.624665,0.04112081,-0.3184419,1.597177,-0.1080802,-0.04046605,1.563874,0.2607616,-0.02088934,1.461445,NA,NA,NotTracked,NotTracked,
0.1469727,0.8974609,0.3125,0.578125,-0.8183594,0.1616211,-1,-3,-2,1,-1,-2,0,2,-1,-1,-1,-3,-1,-1,-3,0,-7.0625,-7.0625,-7.0625,0.4375,0.4375,0.4375,6.957935,4.86651,6.207736,2.826389,4.019422,2.763591,0.09952535,-0.2584756,1.448439,-0.04977931,-0.07387613,1.472717,0.1240269,0.4742868,1.640436,0.1222492,-0.2500193,1.38422,-0.07761777,-0.06243686,1.415653,0.1254545,0.007460985,1.648889,0.1268093,-0.3239498,1.628166,-0.05070215,0.2008092,1.624873,0.04117715,-0.3185023,1.597364,-0.1078164,-0.04045449,1.563957,0.2609262,-0.02049686,1.462184,NA,NA,NotTracked,NotTracked,
0.2133789,0.8291016,0.3129883,0.6000977,-0.8066406,0.1582031,0,6,4,0,0,-2,0,1,-1,-1,0,-2,-3,-1,2,0,-23.375,-23.375,-23.375,3.5,3.5,3.5,6.930353,4.887776,6.16824,2.82685,4.019202,2.767932,0.1019789,-0.2583196,1.446404,-0.04702235,-0.07201739,1.470916,0.1241886,0.4742231,1.640339,0.1219056,-0.2482041,1.384267,-0.03439175,-0.02256808,1.420181,0.1257314,0.007385856,1.648981,0.1269157,-0.323976,1.628135,-0.05045796,0.2008697,1.625081,0.04131264,-0.3185149,1.597287,-0.1063102,-0.04045803,1.562912,0.2620082,-0.02142071,1.463116,NA,NA,NotTracked,NotTracked,
0.2495117,0.7524414,0.2998047,0.6098633,-0.7368164,0.1235352,1,0,1,-1,1,-2,-1,1,0,1,-2,-2,-3,-2,-1,1,-56.3125,-56.3125,-56.3125,5.875,5.875,5.875,6.848019,4.87186,6.048707,2.821764,4.012067,2.789026,0.1005099,-0.2609707,1.446339,-0.03917168,-0.0667789,1.464125,0.124261,0.4742771,1.640351,0.1195548,-0.2509763,1.38186,-0.005606189,-0.03511329,1.392765,0.1258412,0.007375304,1.648978,0.1270134,-0.3241144,1.628008,-0.05041878,0.2004685,1.625138,0.04137184,-0.3186439,1.59721,-0.1064492,-0.04080394,1.56292,0.2727446,-0.0246538,1.467749,NA,NA,NotTracked,NotTracked,
0.1704102,0.7460938,0.4233398,0.6108398,-0.6982422,0.1171875,0,-2,1,0,-2,0,0,0,-2,-1,-2,-1,-3,-2,-2,-2,-47.375,-47.375,-47.375,14.9375,14.9375,14.9375,6.7662,4.782674,5.920381,2.815778,3.98695,2.82676,0.09124256,-0.2472719,1.448147,0.03764464,-0.01665083,1.483576,0.1243408,0.4743194,1.640525,0.1393573,-0.2019444,1.466775,0.0056237,-0.06450032,1.385104,0.1249902,0.007474429,1.64709,0.1270885,-0.3242195,1.627669,-0.05042718,0.200068,1.625284,0.04141606,-0.318785,1.596907,-0.1083467,-0.04098577,1.564333,0.2893841,-0.0301016,1.479521,NA,NA,NotTracked,NotTracked,
0.1665039,0.7915039,0.4907227,0.6357422,-0.6630859,0.1005859,2,0,-1,-1,0,2,-1,1,-3,-1,0,-1,-1,-4,-2,-3,-28.375,-28.375,-28.375,20.125,20.125,20.125,6.726487,4.538973,5.698458,2.804254,3.928657,2.893547,0.05363337,-0.2207061,1.457248,0.01495217,-0.1182068,1.424579,0.1244247,0.4745883,1.640916,0.09218271,-0.1774229,1.4715,-0.01249358,-0.08339608,1.35925,0.1251111,0.007528229,1.647095,0.1273495,-0.324342,1.626056,-0.05053452,0.1999451,1.625319,0.041597,-0.319012,1.595395,-0.1154223,-0.04104144,1.575037,0.311749,-0.03534367,1.496097,NA,NA,NotTracked,NotTracked,
0.3349609,0.7456055,0.4760742,0.6826172,-0.6601563,0.1005859,-2,-4,0,0,0,-1,0,0,-2,-1,0,-2,-2,-4,-3,-3,-40.75,-40.75,-40.75,20.0625,20.0625,20.0625,6.726237,4.271523,5.518042,2.748314,3.802168,3.040529,0.03001006,-0.2941703,1.427631,0.06072959,-0.1757711,1.40526,0.124575,0.4748829,1.641294,0.04524972,-0.2213256,1.3807,0.0283371,-0.1441545,1.357913,0.1252005,0.007388169,1.646189,0.1272217,-0.3255307,1.62134,-0.05105736,0.2004235,1.625602,0.04130567,-0.3207284,1.590622,-0.1188845,-0.0408817,1.584947,0.3264615,-0.0391505,1.512292,NA,NA,NotTracked,NotTracked,
