ALX,ALY,ALZ,ARX,ARY,ARZ,EMG0L,EMG1L,EMG2L,EMG3L,EMG4L,EMG5L,EMG6L,EMG7L,EMG0R,EMG1R,EMG2R,EMG3R,EMG4R,EMG5R,EMG6R,EMG7R,GLX,GLY,GLZ,GRX,GRY,GRZ,ORL,OPL,OYL,ORR,OPR,OYR,LHNX,LHNY,LHNZ,RHNX,RHNY,RHNZ,HX,HY,HZ,LTX,LTY,LTZ,RTX,RTY,RTZ,SpineMidX,SpineMidY,SpineMidZ,SpineBaseX,SpineBaseY,SpineBaseZ,ShoulderLeftX,ShoulderLeftY,ShoulderLeftZ,ShoulderRightX,ShoulderRightY,ShoulderRightZ,ElbowLeftX,ElbowLeftY,ElbowLeftZ,ElbowRightX,ElbowRightY,ElbowRightZ,Myo_Pose_left,Myo_Pose_Right,Kinect_pose_left,Kinect_pose_right
0.9555664,-0.2783203,0.05371094,0.9355469,0.2695313,0.09960938,0,0,1,-1,-2,-2,1,-2,-2,-2,0,-1,0,0,0,3,-1.5625,-1.5625,-1.5625,-0.5,-0.5,-0.5,2.768324,2.946573,4.400256,6.917863,2.971559,7.423456,-0.1291838,-0.4087858,1.578721,0.2667103,-0.4177023,1.540624,0.09438142,0.4918491,1.672099,-0.1778954,-0.3830437,1.583529,0.2164528,-0.4160982,1.511779,0.07478473,0.01889179,1.676586,0.06762887,-0.3099704,1.660331,-0.09355372,0.1946863,1.654479,-0.01550414,-0.3028794,1.624619,-0.1475872,-0.1001433,1.636228,0.2908929,-0.09508433,1.618296,NA,NA,NotTracked,NotTracked,
0.9555664,-0.2783203,0.05371094,0.9267578,0.2670898,0.1020508,0,0,1,-1,-2,-2,1,-2,1,-3,-1,0,1,-2,-2,-1,-1.5625,-1.5625,-1.5625,-0.25,-0.25,-0.25,2.768324,2.946573,4.400256,6.917863,2.971559,7.423456,-0.1292279,-0.4078165,1.577663,0.2665661,-0.4170956,1.5397,0.09442592,0.4918818,1.67216,-0.176099,-0.3839861,1.571133,0.2168971,-0.4148223,1.511965,0.07481245,0.01891634,1.676717,0.06773301,-0.3099504,1.66048,-0.09352044,0.1946756,1.654428,-0.01539922,-0.3029057,1.624774,-0.1475306,-0.0999791,1.636315,0.2910058,-0.09503324,1.618385,NA,NA,NotTracked,NotTracked,
0.9555664,-0.2783203,0.05371094,0.9306641,0.2641602,0.09814453,0,0,1,-1,-2,-2,1,-2,-4,0,-2,1,-1,0,2,6,-1.5625,-1.5625,-1.5625,0.25,0.25,0.25,2.768324,2.946573,4.400256,6.916976,2.972026,7.423458,-0.1284613,-0.4086817,1.577797,0.2676943,-0.4181798,1.540661,0.094512,0.4918856,1.672232,-0.174205,-0.3978148,1.573131,0.2172141,-0.4160591,1.511763,0.07485641,0.01892784,1.676776,0.0678087,-0.3099438,1.660575,-0.09347057,0.1946504,1.654426,-0.01533814,-0.302909,1.624846,-0.1474557,-0.1000167,1.636368,0.2911223,-0.09523413,1.618448,NA,NA,NotTracked,NotTracked,
0.9555664,-0.2783203,0.05371094,0.9321289,0.2719727,0.1025391,0,0,1,-1,-2,-2,1,-2,-4,0,0,1,-1,-1,-2,-6,-1.5625,-1.5625,-1.5625,0.0625,0.0625,0.0625,2.768324,2.946573,4.400256,6.916976,2.972026,7.423458,-0.1289279,-0.4076012,1.578716,0.267392,-0.417856,1.541325,0.09458867,0.4919665,1.672493,-0.1800625,-0.379145,1.594364,0.2169006,-0.4173524,1.512321,0.07493244,0.01894133,1.676904,0.06796049,-0.3099168,1.660715,-0.09335012,0.1946567,1.654515,-0.01517679,-0.3028799,1.624996,-0.147341,-0.1000595,1.63643,0.2912824,-0.09477367,1.61878,NA,NA,NotTracked,NotTracked,
0.9555664,-0.2783203,0.05371094,0.9326172,0.2661133,0.1040039,0,0,1,-1,-2,-2,1,-2,4,2,1,-2,-1,-2,-1,0,-1.5625,-1.5625,-1.5625,0.125,0.125,0.125,2.768324,2.946573,4.400256,6.916976,2.972026,7.423458,-0.1284946,-0.4085676,1.578705,0.2678606,-0.4175524,1.541177,0.09469084,0.4919001,1.672824,-0.1757323,-0.4203424,1.580111,0.2173782,-0.4136781,1.512453,0.07512771,0.01899662,1.67706,0.06820798,-0.309846,1.660939,-0.09320637,0.194691,1.65464,-0.01491084,-0.3028305,1.625191,-0.1472773,-0.1000399,1.636629,0.2914132,-0.09480221,1.619036,NA,NA,NotTracked,NotTracked,
0.9555664,-0.2783203,0.05371094,0.9301758,0.2675781,0.1005859,0,0,1,-1,-2,-2,1,-2,-1,-5,-1,-2,-1,0,-1,-5,-1.5625,-1.5625,-1.5625,-0.6875,-0.6875,-0.6875,2.768324,2.946573,4.400256,6.917989,2.972168,7.422486,-0.12888,-0.4091983,1.579298,0.2680955,-0.4177405,1.541663,0.09480845,0.491905,1.672985,-0.1800845,-0.3782547,1.60025,0.2173091,-0.4144365,1.512421,0.07530318,0.01903459,1.677313,0.06845386,-0.3097334,1.661207,-0.09297045,0.1948161,1.654784,-0.01463656,-0.3027134,1.625468,-0.1472152,-0.09981462,1.636841,0.2916691,-0.0942676,1.61937,NA,NA,NotTracked,NotTracked,
0.9555664,-0.2783203,0.05371094,0.9360352,0.2666016,0.1025391,0,0,1,-1,-2,-2,1,-2,11,-7,-9,-3,-2,-2,1,0,-1.5625,-1.5625,-1.5625,-3.1875,-3.1875,-3.1875,2.768324,2.946573,4.400256,6.912831,2.974043,7.425624,-0.1286374,-0.409361,1.578391,0.2687041,-0.4181002,1.540815,0.0949719,0.4919306,1.673221,-0.174545,-0.3990837,1.572423,0.2179498,-0.4127395,1.512758,0.07545277,0.01905488,1.677415,0.06862287,-0.3097574,1.661309,-0.09281073,0.1945427,1.654985,-0.0144207,-0.3027706,1.625643,-0.146903,-0.09993955,1.637084,0.2918718,-0.09453122,1.619585,NA,NA,NotTracked,NotTracked,
0.9555664,-0.2783203,0.05371094,0.9848633,0.2993164,0.08789063,0,0,1,-1,-2,-2,1,-2,-1,-10,-4,-4,-3,-3,-1,-8,-1.5625,-1.5625,-1.5625,-11.1875,-11.1875,-11.1875,2.768324,2.946573,4.400256,6.883981,2.989109,7.447293,-0.1277786,-0.4081779,1.578308,0.2687697,-0.4164073,1.536085,0.09511907,0.4918631,1.673437,-0.1747794,-0.3935284,1.572993,0.2175546,-0.4146508,1.512287,0.07555233,0.01908927,1.677549,0.06870285,-0.3096975,1.661369,-0.09268318,0.1945914,1.655061,-0.01435071,-0.3027268,1.6257,-0.1468008,-0.09984846,1.637357,0.2923182,-0.09446827,1.620047,NA,NA,NotTracked,NotTracked,
0.9555664,-0.2783203,0.05371094,0.9990234,0.3500977,0.2285156,0,0,1,-1,-2,-2,1,-2,-6,5,2,-2,-1,-2,-1,-19,-1.5625,-1.5625,-1.5625,-18.4375,-18.4375,-18.4375,2.768324,2.946573,4.400256,6.762098,3.047548,7.537266,-0.1273413,-0.4079717,1.578232,0.2659235,-0.4085406,1.521692,0.09526767,0.4918631,1.673648,-0.1735055,-0.3988605,1.56942,0.2166858,-0.4147161,1.512244,0.07562231,0.01913965,1.677655,0.0687578,-0.3096928,1.661421,-0.09250333,0.1946394,1.655417,-0.01430476,-0.3027194,1.625723,-0.1466613,-0.09986496,1.637545,0.2933478,-0.09358382,1.621488,NA,NA,NotTracked,Unknown,
0.9555664,-0.2783203,0.05371094,0.940918,0.4150391,0.2885742,0,0,1,-1,-2,-2,1,-2,-6,0,1,-1,-3,-1,0,6,-1.5625,-1.5625,-1.5625,-23.875,-23.875,-23.875,2.768324,2.946573,4.400256,6.600548,3.220127,7.670088,-0.1274988,-0.4080129,1.578375,0.2634244,-0.3937728,1.500098,0.09552606,0.4918917,1.673819,-0.1779855,-0.3821764,1.581071,0.2182671,-0.4179527,1.511832,0.07570479,0.01918969,1.677744,0.06872995,-0.3096576,1.661487,-0.09237211,0.1946414,1.65543,-0.01436274,-0.3026582,1.625788,-0.146362,-0.09973779,1.637618,0.2945089,-0.0915907,1.623959,NA,NA,NotTracked,Unknown,
0.9555664,-0.2783203,0.05371094,0.9301758,0.3959961,0.3330078,0,0,1,-1,-2,-2,1,-2,-19,-3,-5,2,-2,1,0,-4,-1.5625,-1.5625,-1.5625,4.0625,4.0625,4.0625,2.768324,2.946573,4.400256,6.541153,3.327449,7.72916,-0.1273345,-0.4084105,1.57963,0.2635514,-0.3754341,1.463579,0.09608283,0.4920296,1.674641,-0.1757196,-0.3892531,1.577877,0.2231357,-0.3826677,1.499588,0.07568503,0.01927387,1.67796,0.06843827,-0.3095455,1.661777,-0.09207281,0.1946451,1.655471,-0.01471445,-0.3024567,1.626036,-0.1460274,-0.09970088,1.637825,0.2958785,-0.0881939,1.627003,NA,NA,NotTracked,Unknown,
0.9555664,-0.2783203,0.05371094,0.8525391,0.4633789,0.4150391,0,0,1,-1,-2,-2,1,-2,6,1,3,3,1,-1,-2,12,-1.5625,-1.5625,-1.5625,17.875,17.875,17.875,2.768324,2.946573,4.400256,6.498856,3.576821,7.823708,-0.1270548,-0.4086299,1.578435,0.2540824,-0.3490799,1.429813,0.09656418,0.4920851,1.674871,-0.1755523,-0.3921462,1.576926,0.2295307,-0.4112998,1.458,0.07564791,0.01937483,1.678102,0.06792624,-0.3093178,1.661972,-0.09179989,0.1947768,1.655529,-0.01533968,-0.301985,1.626115,-0.145792,-0.0995962,1.637854,0.2968154,-0.08251331,1.629578,NA,NA,NotTracked,Unknown,
0.9555664,-0.2783203,0.05371094,0.7275391,0.5629883,0.4316406,0,0,1,-1,-2,-2,1,-2,5,4,2,0,-2,1,0,8,-1.5625,-1.5625,-1.5625,36.75,36.75,36.75,2.768324,2.946573,4.400256,6.502514,3.77526,7.890473,-0.1263142,-0.4079159,1.577241,0.240075,-0.310898,1.404383,0.09716289,0.4921459,1.675047,-0.1742908,-0.404912,1.575333,0.2174563,-0.3522529,1.427429,0.07554473,0.01943624,1.678183,0.06682102,-0.3091146,1.661917,-0.09146865,0.1946765,1.655525,-0.01661644,-0.3014448,1.625909,-0.145374,-0.09973047,1.637863,0.2972596,-0.0771565,1.630139,NA,NA,NotTracked,Unknown,
0.9555664,-0.2783203,0.05371094,0.5708008,0.6274414,0.4521484,0,0,1,-1,-2,-2,1,-2,5,-1,3,1,0,2,-1,5,-1.5625,-1.5625,-1.5625,47.8125,47.8125,47.8125,2.768324,2.946573,4.400256,6.529551,4.033633,7.983149,-0.1263653,-0.4076794,1.576173,0.2216217,-0.2773733,1.377172,0.09758358,0.4921117,1.675322,-0.1754604,-0.4125753,1.575182,0.1866891,-0.308964,1.400438,0.07494701,0.01967552,1.678485,0.0637318,-0.3082082,1.661762,-0.09113336,0.194745,1.655871,-0.01970214,-0.3003068,1.625677,-0.1449709,-0.09945812,1.637965,0.2957024,-0.06939808,1.629818,NA,NA,NotTracked,Unknown,
0.9555664,-0.2783203,0.05371094,0.4902344,0.730957,0.4941406,0,0,1,-1,-2,-2,1,-2,-2,-2,-5,0,-2,-1,-5,-7,-1.5625,-1.5625,-1.5625,43,43,43,2.768324,2.946573,4.400256,6.559628,4.161122,8.020085,-0.1261884,-0.4076495,1.577095,0.2039887,-0.2473288,1.360249,0.09807917,0.4919667,1.675812,-0.1705293,-0.4003009,1.566515,0.1610381,-0.251912,1.358556,0.0740877,0.01998776,1.678784,0.06023452,-0.307454,1.661407,-0.09067509,0.1947567,1.656739,-0.02296349,-0.299316,1.625613,-0.1437315,-0.09471691,1.638967,0.2948063,-0.06185596,1.62851,NA,NA,NotTracked,Unknown,
0.9555664,-0.2783203,0.05371094,0.3554688,0.7255859,0.4311523,0,0,1,-1,-2,-2,1,-2,-35,-8,1,4,0,-1,2,-4,-1.5625,-1.5625,-1.5625,10.3125,10.3125,10.3125,2.768324,2.946573,4.400256,6.572614,4.387558,8.09112,-0.1263895,-0.4078131,1.577427,0.1865505,-0.2218885,1.356202,0.09837503,0.4919601,1.676607,-0.1787013,-0.3787917,1.592834,0.1415834,-0.2272127,1.366375,0.07304895,0.02033208,1.679218,0.05769973,-0.3068238,1.661104,-0.09044035,0.1946836,1.65791,-0.02514197,-0.2987772,1.625632,-0.1430024,-0.09275543,1.639963,0.2945332,-0.05425362,1.626546,NA,NA,NotTracked,Unknown,
0.9555664,-0.2783203,0.05371094,0.3789063,0.6416016,0.449707,0,0,1,-1,-2,-2,1,-2,33,1,2,2,-1,-1,-2,-3,-1.5625,-1.5625,-1.5625,4.5625,4.5625,4.5625,2.768324,2.946573,4.400256,6.562036,4.524161,8.157801,-0.1261073,-0.4077872,1.57745,0.1725807,-0.2032193,1.354288,0.09841895,0.49186,1.677115,-0.1753791,-0.3912755,1.581371,0.124101,-0.2191879,1.370286,0.07233866,0.02057987,1.679465,0.05648128,-0.3064756,1.660846,-0.09028962,0.1945222,1.658878,-0.02615005,-0.2984626,1.625664,-0.1427298,-0.09218009,1.640306,0.2942046,-0.05051832,1.621347,NA,NA,NotTracked,Unknown,
0.9555664,-0.2783203,0.05371094,0.2866211,0.7719727,0.4838867,0,0,1,-1,-2,-2,1,-2,31,20,-10,-5,-3,-4,0,-7,-1.5625,-1.5625,-1.5625,25.375,25.375,25.375,2.768324,2.946573,4.400256,6.582007,4.575413,8.212614,-0.1260062,-0.4086693,1.578268,0.1614657,-0.1858715,1.342993,0.09825206,0.4916897,1.678162,-0.1749766,-0.3866659,1.580849,0.1181444,-0.1873883,1.364273,0.07203946,0.02071245,1.679785,0.05628908,-0.3063393,1.66092,-0.09024084,0.1944021,1.660139,-0.02626182,-0.2983509,1.62594,-0.1425619,-0.09149317,1.641013,0.2938144,-0.04945592,1.617773,NA,NA,NotTracked,Unknown,
0.9555664,-0.2783203,0.05371094,0.1699219,0.8525391,0.4907227,0,0,1,-1,-2,-2,1,-2,23,-7,9,15,5,1,1,9,-1.5625,-1.5625,-1.5625,11.875,11.875,11.875,2.768324,2.946573,4.400256,6.600877,4.628846,8.267063,-0.1262632,-0.4084123,1.578416,0.1527757,-0.1572151,1.332853,0.0977421,0.4918365,1.679182,-0.1721772,-0.3935354,1.566,0.1086536,-0.1710274,1.354125,0.07192077,0.02082455,1.680199,0.05652238,-0.306158,1.66125,-0.09041838,0.1944013,1.661507,-0.02587069,-0.2984628,1.626631,-0.1424374,-0.09186256,1.641556,0.3198126,-0.05234243,1.609393,NA,NA,NotTracked,Unknown,
0.9555664,-0.2783203,0.05371094,0.1293945,0.8344727,0.4750977,0,0,1,-1,-2,-2,1,-2,-24,-2,-20,-8,-1,-1,-4,-1,-1.5625,-1.5625,-1.5625,10.5625,10.5625,10.5625,2.768324,2.946573,4.400256,6.615774,4.668077,8.290486,-0.1269173,-0.4093999,1.579398,0.1462581,-0.1183246,1.337382,0.09725864,0.4918103,1.680196,-0.1768004,-0.3908082,1.58277,0.105923,-0.1394973,1.350428,0.07191794,0.02091498,1.68054,0.05709354,-0.3059489,1.661641,-0.09068348,0.1943854,1.662527,-0.02517361,-0.2986803,1.627445,-0.1421165,-0.09316712,1.642249,0.3359069,-0.05888271,1.614621,NA,NA,NotTracked,Unknown,
0.9555664,-0.2783203,0.05371094,0.1782227,0.8691406,0.5097656,0,0,1,-1,-2,-2,1,-2,57,29,8,0,-4,-3,-2,-2,-1.5625,-1.5625,-1.5625,27.625,27.625,27.625,2.768324,2.946573,4.400256,6.647837,4.708114,8.29652,-0.1267723,-0.40919,1.578553,0.1560996,-0.09556174,1.359923,0.09682827,0.4918445,1.680814,-0.1769487,-0.3864532,1.591875,0.1077267,-0.1062061,1.35525,0.07206856,0.02110045,1.680845,0.05801301,-0.305532,1.661924,-0.09084414,0.1941341,1.663025,-0.02447611,-0.2987074,1.627797,-0.1421632,-0.09397732,1.642522,0.3428991,-0.0597239,1.620333,NA,NA,NotTracked,Unknown,
0.9555664,-0.2783203,0.05371094,0.1611328,0.8486328,0.527832,0,0,1,-1,-2,-2,1,-2,53,33,19,9,1,8,15,31,-1.5625,-1.5625,-1.5625,12.625,12.625,12.625,2.768324,2.946573,4.400256,6.68227,4.777418,8.281669,-0.1273606,-0.4083684,1.577825,0.160058,-0.06970144,1.370541,0.09632315,0.4918718,1.681483,-0.1762114,-0.3917392,1.574839,0.2019239,-0.04622698,1.313375,0.0720662,0.0212311,1.681082,0.05839911,-0.3051902,1.662086,-0.09098779,0.1940035,1.663357,-0.02415666,-0.298686,1.627953,-0.1425553,-0.09475511,1.642691,0.3007388,-0.04470859,1.610165,NA,NA,NotTracked,Unknown,
0.9555664,-0.2783203,0.05371094,0.04199219,0.9067383,0.4570313,0,0,1,-1,-2,-2,1,-2,-75,-25,-26,-16,-8,-9,-12,-29,-1.5625,-1.5625,-1.5625,12.125,12.125,12.125,2.768324,2.946573,4.400256,6.703784,4.815058,8.271852,-0.1270212,-0.4090987,1.576129,0.1633263,-0.04816715,1.377736,0.09603648,0.4918953,1.68185,-0.1770561,-0.4031128,1.578765,0.1979853,-0.01433071,1.326353,0.07207777,0.02129903,1.681151,0.05863493,-0.3049847,1.662005,-0.0911709,0.1938873,1.663534,-0.02398945,-0.298678,1.627927,-0.142892,-0.09541679,1.642403,0.302032,-0.04360042,1.608778,NA,NA,NotTracked,Open,
0.9555664,-0.2783203,0.05371094,0.1318359,0.8500977,0.5512695,0,0,1,-1,-2,-2,1,-2,57,22,13,9,6,5,6,36,-1.5625,-1.5625,-1.5625,10.9375,10.9375,10.9375,2.768324,2.946573,4.400256,6.707403,4.853436,8.260836,-0.127456,-0.4089385,1.575611,0.1677909,-0.02788248,1.383414,0.09579376,0.4919015,1.682297,-0.1755824,-0.3983563,1.571137,0.1945607,0.03706609,1.327892,0.07207703,0.02146891,1.681357,0.0588217,-0.3046882,1.661987,-0.09119854,0.1938971,1.663672,-0.02378448,-0.2985496,1.627807,-0.1434917,-0.09355138,1.642113,0.2994754,-0.04631697,1.599535,NA,NA,NotTracked,Open,
0.9555664,-0.2783203,0.05371094,-0.08789063,0.9331055,0.1142578,0,0,1,-1,-2,-2,1,-2,109,50,-3,0,-5,-2,-1,3,-1.5625,-1.5625,-1.5625,7.3125,7.3125,7.3125,2.768324,2.946573,4.400256,6.716655,4.88779,8.245932,-0.1274627,-0.4107994,1.574145,0.1694746,-0.017574,1.38564,0.09558538,0.4920507,1.683101,-0.172746,-0.4038394,1.561416,0.1980398,0.03912378,1.336563,0.07202525,0.02165149,1.681515,0.0589842,-0.3043162,1.66194,-0.09120879,0.1938357,1.663702,-0.02352367,-0.2982571,1.627533,-0.1433108,-0.09483191,1.64148,0.2968528,-0.04899485,1.592688,NA,NA,NotTracked,Open,
0.9555664,-0.2783203,0.05371094,0.5092773,0.8916016,0.8339844,0,0,1,-1,-2,-2,1,-2,-30,14,10,1,-3,-4,-1,16,-1.5625,-1.5625,-1.5625,5.0625,5.0625,5.0625,2.768324,2.946573,4.400256,6.673393,4.911881,8.237292,-0.1270802,-0.4102452,1.572016,0.1704372,-0.01288528,1.390275,0.09540127,0.4920327,1.683482,-0.1768585,-0.3916028,1.57676,0.1944534,0.05697053,1.34532,0.07200418,0.0217429,1.681636,0.05914011,-0.3040748,1.661839,-0.09124404,0.1938281,1.663706,-0.02327956,-0.2980902,1.627227,-0.1436069,-0.0950838,1.641187,0.2922179,-0.05147608,1.584297,NA,NA,NotTracked,Open,
0.9555664,-0.2783203,0.05371094,-0.6430664,0.7080078,0.2753906,0,0,1,-1,-2,-2,1,-2,34,20,-1,0,-4,-1,8,39,-1.5625,-1.5625,-1.5625,3.625,3.625,3.625,2.768324,2.946573,4.400256,6.660684,4.958367,8.225634,-0.1273826,-0.411198,1.572466,0.1706083,-0.01275933,1.392333,0.0950657,0.4920392,1.684049,-0.1735437,-0.397205,1.562141,0.2007796,0.03667937,1.347417,0.07193238,0.02194935,1.681874,0.059263,-0.3036386,1.66184,-0.09134608,0.19373,1.663714,-0.02308453,-0.2978027,1.626955,-0.1439148,-0.09539656,1.641047,0.2903753,-0.0516808,1.581291,NA,NA,NotTracked,Open,
0.9555664,-0.2783203,0.05371094,-0.6254883,0.6962891,0.1640625,0,0,1,-1,-2,-2,1,-2,61,24,11,4,0,4,1,-32,-1.5625,-1.5625,-1.5625,3.125,3.125,3.125,2.768324,2.946573,4.400256,6.675418,4.966035,8.221259,-0.1279052,-0.4104122,1.57209,0.1711119,-0.01245712,1.392489,0.09489271,0.4920757,1.684343,-0.1747021,-0.3988182,1.567432,0.1990455,0.04013797,1.344514,0.07184562,0.02202563,1.681997,0.05932433,-0.3036165,1.661817,-0.09139433,0.1936976,1.66372,-0.02299939,-0.297834,1.626925,-0.1441052,-0.09538247,1.640843,0.2897033,-0.05146209,1.58008,NA,NA,NotTracked,Open,
0.9555664,-0.2783203,0.05371094,0.671875,1.066895,0.9526367,0,0,1,-1,-2,-2,1,-2,-36,-2,18,8,1,0,-1,46,-1.5625,-1.5625,-1.5625,-0.875,-0.875,-0.875,2.768324,2.946573,4.400256,6.637583,4.925829,8.219953,-0.127772,-0.4104209,1.571739,0.1706162,-0.01202074,1.392241,0.09463307,0.4920365,1.684754,-0.1748934,-0.3988447,1.566658,0.2007497,0.0383884,1.347028,0.07175869,0.02202691,1.682075,0.05934447,-0.3036468,1.661726,-0.09154399,0.1935841,1.663644,-0.02296088,-0.2979355,1.626781,-0.1443711,-0.09613682,1.640382,0.2885521,-0.05146667,1.578193,NA,NA,NotTracked,Open,
0.9555664,-0.2783203,0.05371094,0.6230469,1.115234,0.9672852,0,0,1,-1,-2,-2,1,-2,60,7,-29,-16,-8,-6,-7,4,-1.5625,-1.5625,-1.5625,-1.875,-1.875,-1.875,2.768324,2.946573,4.400256,6.621269,4.88116,8.220965,-0.1279785,-0.4106751,1.571719,0.170466,0.003400114,1.386642,0.09436876,0.4920257,1.685081,-0.1761014,-0.3955489,1.569568,0.1914485,0.07028499,1.339259,0.07161491,0.0219989,1.68214,0.0592878,-0.3037262,1.661633,-0.09165999,0.1935064,1.663656,-0.02301677,-0.2980773,1.626616,-0.1448025,-0.09473922,1.64038,0.287234,-0.05180304,1.576726,NA,NA,NotTracked,Open,
0.9555664,-0.2783203,0.05371094,-0.5385742,0.706543,-0.277832,0,0,1,-1,-2,-2,1,-2,46,9,-9,1,0,1,2,10,-1.5625,-1.5625,-1.5625,3,3,3,2.768324,2.946573,4.400256,6.609313,4.892747,8.222842,-0.1276241,-0.4106337,1.571905,0.1698618,0.003274828,1.387699,0.09414768,0.4920596,1.685597,-0.1744361,-0.4157368,1.560954,0.1897602,0.07208664,1.336552,0.07148217,0.02203366,1.682284,0.05928373,-0.3037216,1.661621,-0.09195742,0.1933649,1.663786,-0.0230213,-0.2981146,1.626607,-0.1451685,-0.09528233,1.640337,0.2870929,-0.05190424,1.576507,NA,NA,NotTracked,Open,
0.9555664,-0.2783203,0.05371094,-0.5483398,0.65625,0.08398438,0,0,1,-1,-2,-2,1,-2,-93,-26,-14,-4,-5,-6,-4,-20,-1.5625,-1.5625,-1.5625,4.3125,4.3125,4.3125,2.768324,2.946573,4.400256,6.610876,4.892958,8.225206,-0.128179,-0.4105905,1.573308,0.1694828,0.005438528,1.3877,0.09399764,0.4921361,1.685916,-0.1767804,-0.433335,1.570667,0.1857713,0.07362317,1.33713,0.07128231,0.02204003,1.6826,0.05925872,-0.3037674,1.661641,-0.09228506,0.1932485,1.664034,-0.02304405,-0.2981762,1.626619,-0.1453944,-0.09558824,1.640485,0.287115,-0.0517175,1.576546,NA,NA,NotTracked,Open,
0.9555664,-0.2783203,0.05371094,0.03466797,0.9023438,-0.1069336,0,0,1,-1,-2,-2,1,-2,-36,-9,-8,-5,-4,-1,-1,-2,-1.5625,-1.5625,-1.5625,-2,-2,-2,2.768324,2.946573,4.400256,6.628391,4.888455,8.22679,-0.1292651,-0.4109313,1.572268,0.1693942,0.005498503,1.385615,0.09380783,0.4921107,1.686113,-0.17951,-0.3901319,1.581214,0.1870309,0.07165803,1.33467,0.07121759,0.02206602,1.682653,0.05924232,-0.3037671,1.661602,-0.0925022,0.1932374,1.664104,-0.02305877,-0.2982081,1.626569,-0.145736,-0.09423716,1.640531,0.2867108,-0.05207829,1.576426,NA,NA,NotTracked,Open,
0.9555664,-0.2783203,0.05371094,-0.5639648,0.6762695,0.006347656,0,0,1,-1,-2,-2,1,-2,25,32,10,3,1,-3,0,-9,-1.5625,-1.5625,-1.5625,5.3125,5.3125,5.3125,2.768324,2.946573,4.400256,6.638649,4.90298,8.224878,-0.1292481,-0.4108089,1.573113,0.1682567,-0.01496747,1.393639,0.09363943,0.492201,1.686393,-0.1758357,-0.4017974,1.564034,0.2028579,0.02833459,1.346766,0.07103577,0.02214194,1.682822,0.05919402,-0.3037947,1.661615,-0.09283861,0.1931724,1.664238,-0.02308242,-0.2982439,1.62658,-0.1460159,-0.09283359,1.640757,0.286458,-0.05250972,1.576482,NA,NA,NotTracked,Open,
0.9555664,-0.2783203,0.05371094,-0.4042969,0.7041016,-0.409668,0,0,1,-1,-2,-2,1,-2,0,-5,2,-3,-4,-2,-2,-14,-1.5625,-1.5625,-1.5625,1.625,1.625,1.625,2.768324,2.946573,4.400256,6.648842,4.892534,8.221867,-0.129691,-0.4109522,1.574216,0.169112,-0.01654093,1.393675,0.09353332,0.4922392,1.686706,-0.1788669,-0.3944436,1.574839,0.1983605,0.04777706,1.34525,0.07085533,0.02216185,1.682954,0.05914623,-0.3038037,1.661624,-0.09305525,0.1932859,1.664438,-0.02314611,-0.2982839,1.626617,-0.1463989,-0.09323958,1.640791,0.2861514,-0.05270657,1.576229,NA,NA,NotTracked,Open,
0.9555664,-0.2783203,0.05371094,0.4580078,1.021973,0.4453125,0,0,1,-1,-2,-2,1,-2,-39,-31,-11,-5,-2,-2,-9,-20,-1.5625,-1.5625,-1.5625,-6.4375,-6.4375,-6.4375,2.768324,2.946573,4.400256,6.589551,4.861289,8.224404,-0.1298558,-0.411416,1.575089,0.1695587,-0.01753988,1.393344,0.09346209,0.4922323,1.686802,-0.1776925,-0.3940433,1.5736,0.2033849,0.02574047,1.348054,0.0706722,0.02218799,1.683046,0.0589765,-0.3038465,1.661678,-0.09311491,0.1933096,1.664436,-0.02329331,-0.2983267,1.626627,-0.1467058,-0.09266945,1.640966,0.286289,-0.05286399,1.576692,NA,NA,NotTracked,Open,
0.9555664,-0.2783203,0.05371094,-0.6020508,0.6518555,-0.04345703,0,0,1,-1,-2,-2,1,-2,-50,0,-3,-2,0,-2,-2,-9,-1.5625,-1.5625,-1.5625,-4.0625,-4.0625,-4.0625,2.768324,2.946573,4.400256,6.680951,4.890727,8.21153,-0.1303466,-0.4107653,1.574642,0.1693982,-0.02309842,1.388837,0.09336029,0.4922425,1.686991,-0.1750768,-0.4177294,1.561519,0.207098,0.003579601,1.343,0.0705339,0.02221131,1.683076,0.05892754,-0.3038716,1.661665,-0.09326022,0.1932285,1.664492,-0.02331259,-0.2984073,1.626588,-0.1469978,-0.09289419,1.641033,0.2874951,-0.05261618,1.57849,NA,NA,NotTracked,Open,
0.9555664,-0.2783203,0.05371094,0.5258789,0.7641602,0.7685547,0,0,1,-1,-2,-2,1,-2,8,2,-1,-2,-4,-2,-1,4,-1.5625,-1.5625,-1.5625,-27.5,-27.5,-27.5,2.768324,2.946573,4.400256,6.640149,4.859613,8.212628,-0.1299767,-0.4111409,1.574222,0.1690523,-0.02242381,1.365154,0.09326345,0.4922099,1.687069,-0.1768264,-0.4020027,1.56912,0.2012971,-0.035475,1.323158,0.07046715,0.02222534,1.683113,0.05885315,-0.303879,1.661666,-0.09336325,0.1932836,1.664396,-0.02344234,-0.298476,1.626643,-0.1470717,-0.09390794,1.640888,0.2913625,-0.0521104,1.582994,NA,NA,NotTracked,Unknown,
0.9555664,-0.2783203,0.05371094,0.9204102,0.8295898,0.4848633,0,0,1,-1,-2,-2,1,-2,-15,-9,-4,-2,0,4,3,-9,-1.5625,-1.5625,-1.5625,-28.875,-28.875,-28.875,2.768324,2.946573,4.400256,6.53608,4.707103,8.188109,-0.1295704,-0.4114793,1.573375,0.1751281,-0.08330497,1.348327,0.09308716,0.4920823,1.687122,-0.1775761,-0.3955355,1.567421,0.203274,-0.09465853,1.302,0.07043869,0.02215531,1.683136,0.05881388,-0.304053,1.661746,-0.0936578,0.1931906,1.664328,-0.02354403,-0.2987727,1.626827,-0.1470607,-0.09423461,1.6408,0.3441052,-0.06103915,1.60807,NA,NA,NotTracked,Unknown,
0.9555664,-0.2783203,0.05371094,0.262207,0.8066406,0.453125,0,0,1,-1,-2,-2,1,-2,-1,-4,-2,0,-1,0,-3,2,-1.5625,-1.5625,-1.5625,3.125,3.125,3.125,2.768324,2.946573,4.400256,6.554886,4.526476,8.132129,-0.1294297,-0.4117256,1.573935,0.18836,-0.1427813,1.300961,0.09262447,0.4920923,1.687438,-0.1769898,-0.3985205,1.572687,0.2193957,-0.1571046,1.269,0.07020923,0.02199228,1.683348,0.05864141,-0.3043204,1.66178,-0.09415934,0.1930772,1.664729,-0.02381939,-0.2991312,1.627105,-0.1470936,-0.09429054,1.641118,0.3324819,-0.0605346,1.598139,NA,NA,NotTracked,Unknown,
0.9555664,-0.2783203,0.05371094,0.3579102,0.8271484,0.4360352,0,0,1,-1,-2,-2,1,-2,3,-1,-1,-1,-2,-1,0,1,-1.5625,-1.5625,-1.5625,-11.6875,-11.6875,-11.6875,2.768324,2.946573,4.400256,6.590436,4.351012,8.046943,-0.129971,-0.4109953,1.574448,0.201672,-0.2304361,1.3284,0.09188582,0.4919997,1.687759,-0.179267,-0.3900503,1.578158,0.2292154,-0.2262714,1.306708,0.06905059,0.02180363,1.683313,0.05580441,-0.3048409,1.660905,-0.09465352,0.1930835,1.665106,-0.02672049,-0.299185,1.626839,-0.1473122,-0.09229077,1.641577,0.3251159,-0.05630665,1.599149,NA,NA,NotTracked,Unknown,
0.9555664,-0.2783203,0.05371094,0.5205078,0.5991211,0.5073242,0,0,1,-1,-2,-2,1,-2,2,1,-2,0,-1,-1,-1,3,-1.5625,-1.5625,-1.5625,-45.3125,-45.3125,-45.3125,2.768324,2.946573,4.400256,6.569852,4.147209,7.984255,-0.1295231,-0.4117932,1.576893,0.2165304,-0.294771,1.37188,0.09116115,0.491817,1.68816,-0.1774527,-0.3991118,1.572011,0.2194528,-0.2867061,1.327628,0.06814413,0.02145628,1.683419,0.05431652,-0.3054105,1.660666,-0.09535486,0.1929729,1.665805,-0.02842264,-0.2992271,1.626917,-0.1473121,-0.09198904,1.64201,0.2990775,-0.0540554,1.605849,NA,NA,NotTracked,Unknown,
0.9555664,-0.2783203,0.05371094,0.7407227,0.4868164,0.3681641,0,0,1,-1,-2,-2,1,-2,0,2,0,-1,-1,-1,-1,1,-1.5625,-1.5625,-1.5625,38.625,38.625,38.625,2.768324,2.946573,4.400256,6.583575,3.910359,7.95323,-0.1301631,-0.4118043,1.579022,0.2301875,-0.3457152,1.413585,0.09009005,0.4915029,1.688211,-0.1816541,-0.3979342,1.588182,0.2352733,-0.335443,1.36979,0.06802954,0.02118767,1.683442,0.05435875,-0.306082,1.660847,-0.09589084,0.1925453,1.666114,-0.02848905,-0.2994914,1.627104,-0.1479464,-0.0958081,1.642698,0.2971647,-0.05730294,1.60541,NA,NA,NotTracked,Unknown,
0.9555664,-0.2783203,0.05371094,0.9492188,0.5654297,0.4169922,0,0,1,-1,-2,-2,1,-2,-9,-2,-2,-1,-1,-1,1,4,-1.5625,-1.5625,-1.5625,-1.375,-1.375,-1.375,2.768324,2.946573,4.400256,6.624817,3.661858,7.932292,-0.1306775,-0.4114403,1.580288,0.2428127,-0.3708625,1.444776,0.08911911,0.4913682,1.688248,-0.1797186,-0.3952929,1.578349,0.2749493,-0.366773,1.422381,0.06813744,0.02094501,1.683468,0.05531985,-0.3067194,1.661176,-0.09624679,0.1924479,1.666477,-0.02765624,-0.2999856,1.627392,-0.1481474,-0.09693921,1.643283,0.2953755,-0.0621788,1.605851,NA,NA,NotTracked,Unknown,
0.9555664,-0.2783203,0.05371094,0.9223633,0.5258789,0.3066406,0,0,1,-1,-2,-2,1,-2,3,-2,-1,-2,-1,-1,-1,1,-1.5625,-1.5625,-1.5625,-46,-46,-46,2.768324,2.946573,4.400256,6.618909,3.346066,7.852381,-0.1307855,-0.4124198,1.582392,0.2514834,-0.3878201,1.476835,0.08863878,0.4914152,1.688062,-0.1799685,-0.3947309,1.581744,0.2767459,-0.387655,1.448273,0.06850086,0.02075224,1.683371,0.05692367,-0.3071775,1.661447,-0.09636542,0.1924339,1.666542,-0.02595333,-0.3005694,1.627775,-0.1483027,-0.09645053,1.644249,0.2938026,-0.0679513,1.608576,NA,NA,NotTracked,Unknown,
