ALX,ALY,ALZ,ARX,ARY,ARZ,EMG0L,EMG1L,EMG2L,EMG3L,EMG4L,EMG5L,EMG6L,EMG7L,EMG0R,EMG1R,EMG2R,EMG3R,EMG4R,EMG5R,EMG6R,EMG7R,GLX,GLY,GLZ,GRX,GRY,GRZ,ORL,OPL,OYL,ORR,OPR,OYR,LHNX,LHNY,LHNZ,RHNX,RHNY,RHNZ,HX,HY,HZ,LTX,LTY,LTZ,RTX,RTY,RTZ,SpineMidX,SpineMidY,SpineMidZ,SpineBaseX,SpineBaseY,SpineBaseZ,ShoulderLeftX,ShoulderLeftY,ShoulderLeftZ,ShoulderRightX,ShoulderRightY,ShoulderRightZ,ElbowLeftX,ElbowLeftY,ElbowLeftZ,ElbowRightX,ElbowRightY,ElbowRightZ,Myo_Pose_left,Myo_Pose_Right,Kinect_pose_left,Kinect_pose_right
0.9643555,-0.2558594,0.01806641,0.9433594,0.2280273,0.08447266,-1,0,-1,0,-1,0,-3,1,3,0,0,0,0,0,0,2,-5.875,-5.875,-5.875,-1.5625,-1.5625,-1.5625,2.52896,2.925545,6.393624,6.896637,2.899817,9.163924,-0.1200805,-0.403977,1.674959,0.290583,-0.4201148,1.644971,0.1049801,0.4902123,1.740805,-0.1662317,-0.3936902,1.673478,0.244753,-0.4301602,1.602,0.09039051,0.01992029,1.751573,0.08323774,-0.3060456,1.738862,-0.07976153,0.1952731,1.7414,-0.0003294328,-0.2994727,1.704465,-0.1343301,-0.08893014,1.742243,0.3115011,-0.07774094,1.72432,NA,NA,NotTracked,NotTracked,
0.9702148,-0.2568359,0.01025391,0.9462891,0.2255859,0.09179688,0,-1,0,-3,-3,-1,-1,-3,-6,-4,-2,-1,-1,0,-1,-1,-13.6875,-13.6875,-13.6875,0.375,0.375,0.375,2.509003,2.922002,6.387341,6.896637,2.899817,9.163924,-0.1199008,-0.4026383,1.674943,0.2905456,-0.4191644,1.644918,0.1052698,0.490303,1.740729,-0.1618105,-0.4172405,1.665136,0.2458589,-0.4173246,1.604291,0.09039396,0.01994954,1.751553,0.08326139,-0.3059977,1.738831,-0.07979373,0.195355,1.741479,-0.0003060996,-0.2993991,1.704387,-0.1345297,-0.08834968,1.742107,0.3115031,-0.07769784,1.724329,NA,NA,NotTracked,NotTracked,
0.9638672,-0.2636719,-0.001953125,0.9511719,0.2241211,0.07666016,-2,-1,0,-1,-1,-1,-4,-3,-3,-5,-1,-1,-1,-2,-2,2,-6.9375,-6.9375,-6.9375,3.125,3.125,3.125,2.497144,2.92156,6.383099,6.904173,2.899813,9.164434,-0.118367,-0.404805,1.675593,0.2909532,-0.4199168,1.645702,0.1058006,0.4903719,1.740715,-0.1628717,-0.4051532,1.666881,0.245912,-0.420247,1.604065,0.09038969,0.01994965,1.751549,0.08319241,-0.3059837,1.738834,-0.07975691,0.1953775,1.741501,-0.0003732237,-0.2993723,1.704387,-0.134483,-0.08818516,1.741921,0.3114925,-0.07772885,1.724345,NA,NA,NotTracked,NotTracked,
0.9594727,-0.2617188,0.007324219,0.9467773,0.2280273,0.08349609,-2,0,-2,0,-1,0,-1,0,-2,-1,-2,-3,-1,-2,0,1,1.375,1.375,1.375,0.1875,0.1875,0.1875,2.500661,2.921882,6.377412,6.906715,2.900042,9.163973,-0.1185732,-0.4031755,1.675077,0.2901638,-0.4199727,1.645193,0.1060796,0.4903426,1.740658,-0.1633976,-0.3967402,1.670573,0.2456006,-0.4234657,1.602965,0.09039292,0.01994355,1.75154,0.08321026,-0.3059826,1.73882,-0.07974073,0.1953796,1.741487,-0.0003586095,-0.2993639,1.704357,-0.134434,-0.08808556,1.741831,0.3114674,-0.07780934,1.724332,NA,NA,NotTracked,NotTracked,
0.9672852,-0.2587891,0.01220703,0.9418945,0.2353516,0.08740234,-1,-1,0,-1,-1,-1,-4,-3,-2,1,4,0,1,0,1,-1,4.875,4.875,4.875,-4.875,-4.875,-4.875,2.510803,2.920768,6.3762,6.907685,2.900181,9.156574,-0.1186046,-0.4054983,1.675454,0.290699,-0.4199525,1.646886,0.1062838,0.4903053,1.740792,-0.1638132,-0.4018968,1.670599,0.2458133,-0.4219705,1.604181,0.09040389,0.01993463,1.751538,0.08321543,-0.3059769,1.73882,-0.0797208,0.1953686,1.741451,-0.0003601434,-0.2993506,1.704357,-0.1344045,-0.08806717,1.741779,0.3114334,-0.07783544,1.724422,NA,NA,NotTracked,NotTracked,
0.9594727,-0.2578125,0.01708984,0.9428711,0.2329102,0.08984375,0,-1,-1,0,1,-2,0,-1,2,-3,-2,-2,-3,-1,-1,-1,3.1875,3.1875,3.1875,-5.4375,-5.4375,-5.4375,2.52029,2.919778,6.373464,6.906094,2.900701,9.151356,-0.1184373,-0.4064559,1.675244,0.291071,-0.4205638,1.647252,0.1065182,0.4902963,1.740755,-0.1676929,-0.3871869,1.683182,0.2444789,-0.4369835,1.601143,0.09043874,0.01995153,1.751537,0.08328803,-0.3059367,1.738844,-0.07962315,0.1954524,1.741375,-0.0003032231,-0.2993068,1.704349,-0.1344487,-0.08779743,1.741809,0.3114376,-0.07784591,1.724492,NA,NA,NotTracked,NotTracked,
0.9667969,-0.2626953,0.02099609,0.940918,0.2285156,0.1000977,-2,0,-1,-1,-2,0,0,-1,0,2,0,0,-1,-3,-1,1,0.125,0.125,0.125,-3.375,-3.375,-3.375,2.52331,2.918979,6.372522,6.901657,2.90198,9.145453,-0.1186274,-0.4040675,1.674781,0.291476,-0.4198381,1.646865,0.1065768,0.4902683,1.740725,-0.1623524,-0.3929645,1.665992,0.2453351,-0.4326459,1.601204,0.09043567,0.01995347,1.751532,0.08331171,-0.3059424,1.738831,-0.0796073,0.1954451,1.741333,-0.0002922947,-0.299289,1.704321,-0.134388,-0.08764052,1.741787,0.311438,-0.07786236,1.724574,NA,NA,NotTracked,NotTracked,
0.9648438,-0.253418,0.009277344,0.9472656,0.2314453,0.09228516,-1,0,-2,-3,-2,0,-1,-2,0,0,-3,-4,-3,2,-1,0,-0.5,-0.5,-0.5,1.8125,1.8125,1.8125,2.524165,2.920045,6.371816,6.900166,2.90216,9.147202,-0.1181806,-0.4039533,1.675224,0.2910089,-0.4205361,1.646717,0.1067488,0.4902306,1.740799,-0.1618345,-0.3946158,1.664249,0.2457017,-0.419071,1.60401,0.09045117,0.01994585,1.751572,0.08340731,-0.3059517,1.738883,-0.07943513,0.19552,1.741265,-0.0002140014,-0.2992859,1.704309,-0.1344478,-0.08756167,1.741748,0.311448,-0.07784443,1.724747,NA,NA,NotTracked,NotTracked,
0.9741211,-0.2734375,0.001953125,0.9418945,0.2285156,0.08886719,0,-2,-2,-1,-10,-1,8,0,1,-1,-2,-1,-2,-1,-1,-1,0.3125,0.3125,0.3125,3.0625,3.0625,3.0625,2.520526,2.922287,6.374376,6.900574,2.903746,9.150798,-0.1186789,-0.4067371,1.675233,0.2910523,-0.4200446,1.646088,0.1068605,0.4902103,1.74095,-0.1636315,-0.3917004,1.67079,0.246004,-0.4181639,1.604659,0.09044395,0.01991938,1.751576,0.08342119,-0.306002,1.738885,-0.07942359,0.1954668,1.741254,-0.0002020899,-0.2993334,1.704291,-0.1344846,-0.08751933,1.741721,0.3114385,-0.07788661,1.724797,NA,NA,NotTracked,NotTracked,
1.046387,-0.4858398,-0.02050781,0.9633789,0.2333984,0.07470703,1,0,-1,-1,-8,4,-3,-1,-17,15,-6,-1,0,0,2,10,51.25,51.25,51.25,1.1875,1.1875,1.1875,2.596346,2.958483,6.337044,6.904719,2.903686,9.151883,-0.1184746,-0.4036611,1.673473,0.2910456,-0.4194088,1.644586,0.1069758,0.4901582,1.740912,-0.1636961,-0.3931113,1.669112,0.2462608,-0.4131301,1.60387,0.09043943,0.01990501,1.751547,0.08342747,-0.3060146,1.73882,-0.07945026,0.1955406,1.741213,-0.0001964801,-0.2993403,1.704091,-0.1345346,-0.08732166,1.741694,0.3114117,-0.07790258,1.72477,NA,NA,NotTracked,NotTracked,
1.147461,-0.4692383,0.1054688,1.118164,0.3432617,-0.03417969,-1,-3,-1,0,1,5,5,-2,11,-4,-5,-4,-3,-2,-2,-2,177.6875,177.6875,177.6875,-93.25,-93.25,-93.25,3.135337,3.120641,6.098857,6.868835,2.941008,9.070236,-0.1201586,-0.3961202,1.663333,0.2921351,-0.4142129,1.632185,0.1070616,0.4901648,1.740907,-0.165567,-0.393645,1.65,0.2449114,-0.4106738,1.602147,0.09043968,0.01992452,1.751519,0.08343513,-0.306002,1.738798,-0.07932884,0.195486,1.741126,-0.0001987989,-0.2992948,1.704064,-0.1347674,-0.08800222,1.743755,0.3116776,-0.07787028,1.725907,NA,NA,NotTracked,NotTracked,
1.050781,-0.359375,0.4487305,1.154785,0.3491211,0.09521484,1,9,0,0,2,12,0,0,-26,-21,-5,-5,-3,-3,-4,-11,147.9375,147.9375,147.9375,-153.8125,-153.8125,-153.8125,3.562624,3.336091,5.939874,6.659276,3.018456,9.126854,-0.1348403,-0.3791669,1.63454,0.3002212,-0.3957133,1.616064,0.1071196,0.4902066,1.740839,-0.1385345,-0.3709036,1.565684,0.2774675,-0.4092733,1.646608,0.09038192,0.01996374,1.751439,0.08337551,-0.3059849,1.738845,-0.0793343,0.1954844,1.741142,-0.0002611419,-0.2992429,1.704104,-0.1360746,-0.09021105,1.755011,0.3142043,-0.07922027,1.734787,NA,NA,NotTracked,NotTracked,
0.7651367,-0.6533203,0.5976563,0.9506836,0.4379883,0.4848633,2,1,2,2,4,6,7,8,3,12,3,1,2,1,0,4,161.5625,161.5625,161.5625,-63.625,-63.625,-63.625,3.865761,3.599684,5.868367,6.286792,3.28638,9.288867,-0.1586708,-0.3435447,1.593032,0.3261165,-0.3559085,1.590561,0.1072775,0.4902339,1.74035,-0.186151,-0.3029501,1.550327,0.2996041,-0.3891124,1.585714,0.09027075,0.02006348,1.751177,0.08316149,-0.3057652,1.738958,-0.07928725,0.1957623,1.741364,-0.000570773,-0.2988704,1.704238,-0.1366186,-0.08692244,1.766399,0.3177161,-0.078879,1.745037,NA,NA,NotTracked,NotTracked,
0.4731445,0.05810547,0.578125,0.7197266,0.4833984,0.597168,0,-4,-2,0,1,7,6,-2,-8,-10,0,2,5,-2,-2,-6,61.5,61.5,61.5,-74.5,-74.5,-74.5,4.211208,3.894216,5.824746,6.1375,3.53794,9.329475,-0.1795449,-0.271747,1.557449,0.3438359,-0.2959705,1.554556,0.1075481,0.4901064,1.738965,-0.2264264,-0.2457179,1.535559,0.3068809,-0.320257,1.54825,0.09013562,0.02031834,1.750759,0.08292532,-0.3049955,1.738754,-0.07921423,0.1964712,1.741705,-0.0009456901,-0.2979047,1.704034,-0.1365983,-0.07701324,1.775343,0.3187754,-0.07733388,1.749528,NA,NA,Open,Open,
0.4584961,-0.2915039,0.6611328,0.4887695,0.3115234,0.5380859,0,1,1,2,0,-2,-14,-1,-13,-11,-6,-2,-2,0,-1,-4,-27.4375,-27.4375,-27.4375,-66.75,-66.75,-66.75,4.218986,4.071627,5.755117,6.001264,3.770427,9.342239,-0.1857715,-0.2210469,1.533636,0.3476437,-0.252087,1.524842,0.1077821,0.489883,1.737863,-0.2356731,-0.1957466,1.513308,0.2996967,-0.2704942,1.539571,0.08999065,0.02072137,1.750418,0.08259371,-0.3036913,1.738203,-0.07913978,0.1973848,1.742121,-0.001383422,-0.2966361,1.703521,-0.1359801,-0.06964115,1.777217,0.3188974,-0.06862663,1.752659,NA,NA,Open,Open,
0.4750977,-0.1049805,0.7060547,0.515625,0.2363281,0.6445313,-9,8,3,-2,-4,-13,-14,-3,-10,4,5,2,-1,3,1,-2,7.875,7.875,7.875,1.1875,1.1875,1.1875,4.303161,4.172162,5.640626,5.882025,3.997742,9.426496,-0.1811761,-0.1977985,1.503988,0.3330572,-0.2237762,1.502309,0.1079727,0.4898366,1.737217,-0.2269288,-0.1727715,1.467297,0.3797085,-0.1966507,1.459333,0.08985944,0.0210509,1.750319,0.08215996,-0.302695,1.737941,-0.0791624,0.1981232,1.742987,-0.001854659,-0.2956838,1.703349,-0.1354164,-0.06229388,1.775878,0.3181608,-0.05818523,1.752234,NA,NA,Open,Unknown,
0.7353516,-0.2773438,0.8413086,0.675293,0.3505859,0.7827148,2,0,-1,-1,1,13,1,-3,-1,6,5,4,1,9,-2,-4,-21.25,-21.25,-21.25,55.875,55.875,55.875,4.369249,4.239923,5.40689,5.83447,4.15264,9.647426,-0.1503206,-0.1797881,1.500912,0.2985811,-0.2038703,1.475639,0.1080874,0.489854,1.736937,-0.1973802,-0.1620914,1.461541,0.3393173,-0.1781157,1.437917,0.08980642,0.021486,1.750515,0.08207268,-0.3020189,1.737765,-0.07928621,0.1983274,1.743469,-0.001969129,-0.2950121,1.703156,-0.135509,-0.05776623,1.77134,0.3177738,-0.04922098,1.750754,NA,NA,Lasso,Unknown,
0.6040039,-0.4995117,0.7895508,0.6459961,0.3251953,0.8149414,-2,-3,-4,-4,-3,2,-14,-4,-5,-8,-5,-5,-4,-2,0,-6,-0.5,-0.5,-0.5,53.25,53.25,53.25,4.400508,4.313247,5.255911,5.813901,4.221564,9.809843,-0.1129654,-0.1605172,1.497465,0.2517784,-0.1767319,1.466481,0.1081865,0.4899442,1.736721,-0.1617254,-0.1440227,1.453171,0.2924,-0.1535535,1.407167,0.0896312,0.02175113,1.750373,0.08148346,-0.30135,1.736655,-0.0793004,0.1982968,1.743525,-0.00245689,-0.2943182,1.701978,-0.1356307,-0.04856603,1.761424,0.3178667,-0.04139932,1.747244,NA,NA,Unknown,Unknown,
0.3198242,-0.512207,0.7050781,0.6323242,0.6757813,0.6474609,-1,-5,1,0,3,-4,-16,4,10,-9,-6,-2,17,-8,-14,6,5.875,5.875,5.875,57.1875,57.1875,57.1875,4.411222,4.415485,5.218481,5.841845,4.327996,0.0149655,-0.09377196,-0.1308639,1.4941,0.2222028,-0.1415134,1.463282,0.1082513,0.4899513,1.736555,-0.1487963,-0.1149315,1.429137,0.2688732,-0.1211692,1.402556,0.08950284,0.02206199,1.750098,0.08129086,-0.3006866,1.735892,-0.07946292,0.1979358,1.743653,-0.002492765,-0.2936931,1.701018,-0.1373557,-0.03679138,1.761669,0.3193648,-0.03518052,1.74684,NA,NA,Unknown,Unknown,
0.0703125,-0.3168945,0.6962891,0.3833008,0.6352539,0.5791016,2,8,4,4,1,-8,-5,-1,12,5,-1,-5,0,-2,-6,-3,25,25,25,25.125,25.125,25.125,4.399195,4.50278,5.325893,5.895738,4.439064,0.04755665,-0.110011,-0.1060486,1.498539,0.2323152,-0.1144088,1.464138,0.1084391,0.4900265,1.7359,-0.1620313,-0.09024894,1.453435,0.2865922,-0.09281337,1.432579,0.08941585,0.02245222,1.749729,0.08120938,-0.3001833,1.735563,-0.07950336,0.1978116,1.743776,-0.002547414,-0.2932392,1.700681,-0.1375471,-0.02815202,1.771031,0.3226458,-0.03325347,1.752229,NA,NA,Unknown,Unknown,
0.002441406,-0.1313477,0.8032227,0.1674805,0.5541992,0.5874023,-10,-21,-6,-4,0,2,-2,-4,25,11,3,-2,-3,4,2,-3,5.5,5.5,5.5,-42.5,-42.5,-42.5,4.403509,4.500875,5.416713,5.91919,4.52599,9.962049,-0.134478,-0.1039453,1.500791,0.2684667,-0.1108763,1.465064,0.1083995,0.4901746,1.734681,-0.1878188,-0.08557662,1.465555,0.3223991,-0.08778501,1.433952,0.08923733,0.02299132,1.748929,0.08108526,-0.2994539,1.734906,-0.07947757,0.1980565,1.74368,-0.002732854,-0.2925334,1.700056,-0.1361495,-0.02782689,1.772959,0.3241496,-0.03119413,1.758142,NA,NA,Unknown,Lasso,
0.4780273,-0.1489258,1.039063,0.02539063,0.2817383,0.7578125,-5,-7,-6,-3,-3,-3,3,-3,-19,0,-3,-2,-1,1,3,3,-18.3125,-18.3125,-18.3125,-19.3125,-19.3125,-19.3125,4.417719,4.439228,5.40731,5.877375,4.546082,9.802395,-0.1434548,-0.1229019,1.50645,0.287885,-0.1278295,1.471511,0.1082424,0.4901667,1.733958,-0.1967042,-0.1100197,1.463437,0.3401101,-0.1087355,1.436476,0.08900657,0.02327913,1.748528,0.08079872,-0.2990095,1.734506,-0.0795925,0.1982739,1.743757,-0.002999708,-0.2921526,1.699823,-0.1349586,-0.02785409,1.773438,0.3232442,-0.03080282,1.758674,NA,NA,Lasso,Unknown,
0.6108398,-0.3725586,1.035156,0.3100586,0.3217773,1.034668,-1,-5,-4,-6,-4,-4,2,-1,-5,6,-1,-6,-7,-3,-2,6,-17.9375,-17.9375,-17.9375,7.125,7.125,7.125,4.45766,4.374401,5.231774,5.825934,4.486258,9.813705,-0.1179423,-0.1415867,1.506098,0.2689554,-0.1459383,1.477739,0.1081385,0.4900449,1.733549,-0.1750399,-0.1252313,1.442091,0.3127843,-0.1238454,1.431805,0.08884232,0.02339389,1.748131,0.08047852,-0.2988282,1.733974,-0.07955394,0.1983481,1.743706,-0.00328781,-0.2919727,1.699446,-0.134424,-0.02809966,1.772511,0.3227345,-0.03103716,1.757499,NA,NA,Lasso,Unknown,
0.4008789,-0.5351563,0.8125,0.6577148,0.5654297,1.033203,0,-1,1,-1,-1,5,8,-4,-5,-8,-6,1,1,-6,-7,-1,-0.125,-0.125,-0.125,44.25,44.25,44.25,4.449346,4.392941,5.179826,5.816499,4.43824,9.980694,-0.09162549,-0.1366849,1.512361,0.2358862,-0.1448247,1.477191,0.1080496,0.4900626,1.733252,-0.1499604,-0.1230465,1.44275,0.2809419,-0.1227937,1.412438,0.08865493,0.02363044,1.747473,0.08010489,-0.298565,1.733237,-0.0796403,0.1982678,1.743604,-0.003504318,-0.2916901,1.698834,-0.1348203,-0.02819373,1.77199,0.3230626,-0.03094822,1.756791,NA,NA,Unknown,Unknown,
0.2636719,-0.4887695,0.7250977,0.5537109,0.6254883,0.8813477,-3,-6,0,-1,-3,-4,-3,-2,-4,-9,-8,-2,7,-6,-7,0,9.5,9.5,9.5,39.1875,39.1875,39.1875,4.409351,4.426619,5.258633,5.825232,4.438166,0.0303488,-0.09746897,-0.1228425,1.513611,0.225191,-0.1276045,1.474684,0.108089,0.4902293,1.732985,-0.1537757,-0.1094147,1.462621,0.2306355,-0.1371429,1.419231,0.08862898,0.02398747,1.747093,0.08012842,-0.2982874,1.733117,-0.07968244,0.1985254,1.743365,-0.003474906,-0.291501,1.698718,-0.1347589,-0.02772898,1.772824,0.3240907,-0.03043541,1.757155,NA,NA,Unknown,Unknown,
0.1635742,-0.3173828,0.7509766,0.2099609,0.5703125,0.6977539,-6,-1,3,0,-2,1,-3,0,-11,-8,-6,-5,2,-4,-8,4,9.5,9.5,9.5,-37.9375,-37.9375,-37.9375,4.368975,4.433992,5.389852,5.909501,4.522353,9.948153,-0.1269132,-0.1202059,1.511611,0.25013,-0.1166858,1.487388,0.1081395,0.4905254,1.732159,-0.1800564,-0.1048255,1.469741,0.3037669,-0.1007214,1.469902,0.08851468,0.02440113,1.746503,0.07987183,-0.2978796,1.732814,-0.07953539,0.199029,1.743081,-0.003751361,-0.2909641,1.69836,-0.1339812,-0.02711377,1.773762,0.3251653,-0.02942792,1.75909,NA,NA,Lasso,Unknown,
0.2182617,-0.1650391,0.9672852,0.07421875,0.3334961,0.734375,-2,-1,-2,0,-1,0,-2,-4,-32,-15,2,-2,-2,0,1,-7,-4,-4,-4,-26,-26,-26,4.354424,4.408907,5.486087,5.884393,4.542503,9.80919,-0.1511597,-0.1329119,1.512856,0.2877433,-0.1235282,1.472806,0.1081275,0.4905861,1.731839,-0.2062109,-0.1154407,1.465154,0.3387626,-0.1032086,1.441545,0.08848382,0.02456539,1.746181,0.07978012,-0.2975585,1.732548,-0.07946524,0.1993168,1.743028,-0.003872065,-0.2906716,1.698136,-0.1322848,-0.02687207,1.775232,0.3247341,-0.0289116,1.760133,NA,NA,Lasso,Lasso,
0.5996094,-0.1396484,1.109375,0.2832031,0.3652344,0.9667969,-6,0,3,1,-4,-5,-13,-5,19,0,-1,5,2,2,3,3,-21.25,-21.25,-21.25,-5.75,-5.75,-5.75,4.409427,4.351359,5.435316,5.869671,4.511642,9.753245,-0.1494323,-0.1497377,1.510309,0.2933014,-0.1387299,1.479872,0.1081534,0.4904434,1.73174,-0.2037928,-0.1343584,1.466514,0.342934,-0.1216091,1.433522,0.08848617,0.02451516,1.746078,0.07975607,-0.2976042,1.732362,-0.07942495,0.1993488,1.743048,-0.003908609,-0.2907268,1.698041,-0.1320948,-0.03035748,1.775856,0.3233992,-0.02942041,1.758911,NA,NA,Lasso,Lasso,
0.4345703,-0.3295898,0.8139648,0.4833984,0.3457031,1.060059,-2,3,0,0,-4,-7,18,0,-3,-4,-7,-5,-4,0,2,10,-25.5625,-25.5625,-25.5625,21.875,21.875,21.875,4.447459,4.352334,5.230664,5.828087,4.468885,9.840731,-0.117036,-0.1499324,1.50769,0.2657149,-0.1439336,1.482147,0.1081179,0.4904628,1.731779,-0.172141,-0.1339487,1.457805,0.3095068,-0.1200207,1.449085,0.08848183,0.02450361,1.746031,0.07964987,-0.2976265,1.732122,-0.07940183,0.1992067,1.743035,-0.003988838,-0.2907707,1.697902,-0.1317716,-0.03317916,1.773719,0.3231708,-0.02942632,1.758217,NA,NA,Lasso,Unknown,
0.3325195,-0.4785156,0.7412109,0.3989258,0.4243164,0.9013672,1,5,8,-2,-3,-8,-1,-5,-1,4,-9,1,22,-10,-18,-1,-7.5625,-7.5625,-7.5625,19.9375,19.9375,19.9375,4.431297,4.382183,5.157183,5.794713,4.462418,0.009083073,-0.08344127,-0.1403455,1.509455,0.231831,-0.1376779,1.477649,0.1080971,0.4904902,1.731828,-0.1431567,-0.1228154,1.43745,0.2779033,-0.1169001,1.415214,0.0885174,0.0245656,1.745841,0.0796752,-0.2974912,1.731581,-0.07954106,0.1988887,1.743028,-0.003942715,-0.2907096,1.697457,-0.1325149,-0.03183968,1.772352,0.3235898,-0.02921547,1.757077,NA,NA,Unknown,Unknown,
0.3320313,-0.4794922,0.7070313,0.3730469,0.6079102,0.7104492,-2,-7,-2,-3,-3,-5,-8,-2,-3,1,6,0,-13,13,11,0,31,31,31,37,37,37,4.438015,4.370877,5.158934,5.823637,4.470468,0.07765711,-0.07259404,-0.140455,1.514978,0.2210983,-0.1358932,1.481838,0.1079856,0.490555,1.731977,-0.1342582,-0.1198314,1.45315,0.2681455,-0.1142567,1.437187,0.08853003,0.02461648,1.745808,0.07972473,-0.2974466,1.731548,-0.07968069,0.1980351,1.743183,-0.003865657,-0.2906801,1.697383,-0.1327428,-0.03053053,1.772102,0.3238298,-0.02898702,1.75694,NA,NA,Unknown,Unknown,
0.3613281,-0.2392578,0.7016602,0.3144531,0.6357422,0.5639648,0,3,-2,0,0,2,0,1,-1,-3,-2,-4,-1,-2,-3,-4,20.75,20.75,20.75,1,1,1,4.468151,4.308723,5.198257,5.867636,4.478092,0.09967695,-0.07947224,-0.156377,1.519037,0.2267386,-0.1485061,1.488405,0.1078999,0.4906242,1.732145,-0.1372975,-0.1338075,1.467658,0.2714686,-0.124852,1.434467,0.08857092,0.02461485,1.745681,0.07978802,-0.2974719,1.731414,-0.07975485,0.197524,1.74325,-0.003764268,-0.2907493,1.697208,-0.1325555,-0.03094465,1.770641,0.3240078,-0.02889447,1.756841,NA,NA,Unknown,Unknown,
0.3364258,-0.2148438,0.715332,0.2807617,0.5175781,0.6323242,0,-1,-1,0,-1,-3,0,-1,-1,-1,0,-5,-5,0,0,-4,-74.6875,-74.6875,-74.6875,-30.3125,-30.3125,-30.3125,4.37985,4.206521,5.247127,5.860135,4.439943,0.07755016,-0.08646504,-0.1847249,1.530766,0.2309225,-0.1798765,1.515538,0.1076238,0.4905126,1.732661,-0.1471224,-0.1550583,1.470216,0.1645014,-0.1998872,1.57695,0.08859652,0.02458636,1.745639,0.07980713,-0.2975453,1.731243,-0.07973711,0.1974742,1.743237,-0.003733492,-0.290849,1.697112,-0.1324135,-0.03493484,1.769514,0.3248404,-0.02880152,1.756346,NA,NA,Unknown,Unknown,
0.418457,-0.1552734,0.6147461,0.3081055,0.1875,0.6625977,-1,-1,-2,0,-2,-4,-5,-3,-1,-3,-1,-1,-4,3,1,1,-22.1875,-22.1875,-22.1875,36.1875,36.1875,36.1875,4.254951,3.987069,5.331707,5.831698,4.284744,0.03653942,-0.09986001,-0.2294028,1.532152,0.2352541,-0.2263445,1.554664,0.1071748,0.490382,1.733494,-0.1572695,-0.1962488,1.451357,0.1855919,-0.261801,1.593676,0.08862188,0.02453132,1.74564,0.0799415,-0.2977347,1.730995,-0.07979681,0.1973311,1.743348,-0.003568351,-0.2911804,1.696967,-0.1325254,-0.04335881,1.769352,0.324598,-0.02899274,1.755754,NA,NA,Unknown,Unknown,
0.6953125,-0.3696289,0.5922852,0.4545898,0.5068359,0.6708984,-1,-3,-2,1,-2,0,-3,4,-3,-2,-3,-3,-1,-3,-3,5,-85.1875,-85.1875,-85.1875,37.625,37.625,37.625,3.999262,3.712046,5.463583,5.961631,4.11193,9.965474,-0.1071477,-0.2815987,1.547742,0.2643593,-0.2768962,1.542001,0.1069298,0.4905951,1.734576,-0.1454912,-0.2412594,1.492118,0.2401712,-0.2871982,1.580533,0.08868949,0.02444941,1.745664,0.0802548,-0.2980693,1.730718,-0.07977494,0.1971231,1.743354,-0.003383399,-0.2916901,1.696731,-0.133678,-0.05132024,1.767877,0.3249319,-0.03444526,1.753982,NA,NA,Open,Unknown,
0.8916016,-0.3925781,0.4511719,0.7124023,0.4047852,0.5717773,-2,0,-3,-1,-3,-3,-1,12,-5,-3,0,-1,-1,0,1,-8,-111.25,-111.25,-111.25,73.0625,73.0625,73.0625,3.718822,3.488125,5.613204,6.167906,3.671072,9.792954,-0.1172015,-0.3348362,1.575182,0.2760438,-0.3248336,1.556646,0.106731,0.490428,1.736488,-0.1335021,-0.3053683,1.507269,0.2558476,-0.3260363,1.60775,0.08893447,0.02416815,1.746024,0.08087701,-0.2987672,1.730983,-0.0798954,0.1964658,1.743362,-0.002876296,-0.2924781,1.696972,-0.1346835,-0.06622387,1.762389,0.322446,-0.05095037,1.746935,NA,NA,Open,Unknown,
1.243652,-0.4501953,0.3383789,0.9980469,0.3945313,0.4140625,-1,1,0,0,-4,1,-4,-3,-14,-7,-4,-2,1,-2,-2,0,-96.375,-96.375,-96.375,34.75,34.75,34.75,3.346477,3.256096,5.84365,6.345909,3.389319,9.667542,-0.1291821,-0.3749488,1.597215,0.2687457,-0.3830734,1.59804,0.1066615,0.490243,1.738729,-0.118014,-0.3634932,1.545837,0.2216462,-0.3902873,1.583306,0.08942867,0.02319146,1.747226,0.08148354,-0.3005999,1.732052,-0.07972925,0.1960268,1.743239,-0.002194414,-0.2941369,1.698019,-0.1352217,-0.07669651,1.755403,0.3185934,-0.06244588,1.735883,NA,NA,Open,Unknown,
1.137207,-0.3847656,0.03173828,1.282227,0.359375,0.06884766,-1,-2,-1,-1,-4,-2,-1,0,6,4,-1,-2,-5,4,1,-2,-7.5,-7.5,-7.5,22.75,22.75,22.75,2.949116,3.04138,6.181011,6.713764,3.037881,9.342135,-0.1235778,-0.4005784,1.642561,0.2846595,-0.412879,1.629215,0.1065613,0.4901406,1.741432,-0.1693121,-0.3964455,1.632529,0.2339368,-0.4071027,1.587972,0.08967718,0.02208572,1.748246,0.08200644,-0.3028458,1.732907,-0.07926137,0.1950003,1.742661,-0.001537396,-0.2962437,1.698761,-0.1353739,-0.08244167,1.746776,0.3141984,-0.07324175,1.723109,NA,NA,NotTracked,NotTracked,
1.018555,-0.5063477,0.1713867,1.086914,0.2670898,-0.1630859,0,0,0,0,0,-1,-1,-1,-4,-1,-1,-1,-1,1,1,-2,2.3125,2.3125,2.3125,-28.875,-28.875,-28.875,2.746956,2.979469,6.377676,7.087059,2.895887,8.957276,-0.1223861,-0.4104802,1.666396,0.2987005,-0.4196555,1.657282,0.1067659,0.4900437,1.744835,-0.1696415,-0.4067245,1.651175,0.2467466,-0.4358531,1.6038,0.0904118,0.02130585,1.749289,0.08340017,-0.3043601,1.733731,-0.07908643,0.1945882,1.742511,0.0003326025,-0.2981738,1.69966,-0.1356047,-0.08507531,1.743201,0.3130947,-0.07687484,1.720303,NA,NA,NotTracked,NotTracked,
0.9399414,-0.2470703,0.1489258,1.041504,0.2753906,-0.01513672,-1,-2,0,-1,0,0,-1,-1,-1,0,0,0,-2,-3,-3,-1,42.1875,42.1875,42.1875,-39.5625,-39.5625,-39.5625,2.799561,2.969443,6.401711,7.244905,2.864204,8.752683,-0.1265516,-0.404703,1.679626,0.3051151,-0.4190526,1.670022,0.1070637,0.4901979,1.747015,-0.1778211,-0.3934089,1.684125,0.2552373,-0.4135356,1.6269,0.09056166,0.02105254,1.749679,0.08372401,-0.3049045,1.734203,-0.07900867,0.1944087,1.742448,0.0007392461,-0.2986562,1.700183,-0.13627,-0.08925977,1.742388,0.3132422,-0.07790081,1.720898,NA,NA,NotTracked,NotTracked,
0.953125,-0.3212891,0.1567383,0.9770508,0.2265625,0.1669922,-2,-1,0,-1,-1,-1,0,-2,-3,-1,-1,-1,-1,-1,-2,-11,-1.3125,-1.3125,-1.3125,-51.3125,-51.3125,-51.3125,2.816676,2.959948,6.40192,7.222737,2.855671,8.715445,-0.1266522,-0.4045372,1.682612,0.3066622,-0.4152086,1.674081,0.1072396,0.4902371,1.748266,-0.1746816,-0.3850541,1.68675,0.2545344,-0.4147223,1.625927,0.09055977,0.02080819,1.75,0.08364583,-0.3054651,1.73527,-0.07896923,0.1942671,1.742363,0.0006813091,-0.2990911,1.701285,-0.1373395,-0.09322159,1.743162,0.3135852,-0.07907131,1.723146,NA,NA,NotTracked,NotTracked,
0.9599609,-0.2978516,0.07763672,0.9213867,0.2255859,0.184082,0,-1,-1,-1,-1,1,-2,-1,0,1,-1,-1,-1,-2,0,3,-26.8125,-26.8125,-26.8125,-7.375,-7.375,-7.375,2.79311,2.9652,6.400541,7.074584,2.85844,8.812306,-0.1267144,-0.4055338,1.68271,0.3058104,-0.4165624,1.673645,0.1075894,0.4902929,1.749172,-0.1745656,-0.3938202,1.680826,0.2551174,-0.4107169,1.62639,0.09062096,0.02069867,1.750274,0.08373317,-0.3058086,1.736064,-0.07885008,0.1942393,1.742339,0.0007522671,-0.2993526,1.701977,-0.1374734,-0.09473182,1.743559,0.3138443,-0.08004245,1.725189,NA,NA,NotTracked,NotTracked,
0.9453125,-0.3027344,0.06396484,0.9677734,0.2324219,0.05517578,0,-1,-1,0,0,-2,-1,0,0,1,0,0,-2,-1,2,-3,-39.6875,-39.6875,-39.6875,45.8125,45.8125,45.8125,2.770763,2.979462,6.359305,6.983685,2.876503,8.959269,-0.1262475,-0.4054526,1.678528,0.3031285,-0.4188243,1.666595,0.1078013,0.4904113,1.74975,-0.174947,-0.3940541,1.679328,0.2576351,-0.4154188,1.629389,0.09065699,0.02059066,1.7505,0.08384065,-0.3060496,1.73653,-0.07876975,0.1942323,1.742279,0.0008140701,-0.2994828,1.702271,-0.1373871,-0.09460352,1.743622,0.3137104,-0.08052288,1.725738,NA,NA,NotTracked,NotTracked,
0.9536133,-0.3237305,0.05712891,0.9589844,0.2578125,0.05761719,-1,-2,-1,-1,-1,0,-2,-1,1,-1,-2,-2,0,-2,-1,-1,-22.9375,-22.9375,-22.9375,24,24,24,2.759634,3.012924,6.298773,6.950536,2.908252,9.051973,-0.1243191,-0.4061401,1.671869,0.298841,-0.4183592,1.657865,0.1081593,0.4904993,1.750414,-0.1678826,-0.413131,1.654543,0.2542253,-0.420968,1.621687,0.09073268,0.02053251,1.750715,0.08405641,-0.3061733,1.736714,-0.07858326,0.1942307,1.742339,0.001024099,-0.2996149,1.702428,-0.1373411,-0.09542228,1.743124,0.3136217,-0.0804602,1.726159,NA,NA,NotTracked,NotTracked,
0.9555664,-0.3217773,0.03125,0.9326172,0.2382813,0.06152344,1,0,-1,-1,-1,-3,-1,-2,1,-2,-2,-1,-1,0,-1,0,-2.5,-2.5,-2.5,5,5,5,2.780318,3.04235,6.262276,6.898998,2.944108,9.122212,-0.1244535,-0.4041945,1.665323,0.2960044,-0.4163175,1.648385,0.1085013,0.490555,1.751053,-0.1681794,-0.4059792,1.646417,0.2538905,-0.4155489,1.617931,0.09090471,0.020487,1.751198,0.08423164,-0.3062604,1.736996,-0.07842619,0.19416,1.742356,0.001172985,-0.2996887,1.702599,-0.1374677,-0.09675597,1.742178,0.3135833,-0.08026131,1.726369,NA,NA,NotTracked,NotTracked,
