ALX,ALY,ALZ,ARX,ARY,ARZ,EMG0L,EMG1L,EMG2L,EMG3L,EMG4L,EMG5L,EMG6L,EMG7L,EMG0R,EMG1R,EMG2R,EMG3R,EMG4R,EMG5R,EMG6R,EMG7R,GLX,GLY,GLZ,GRX,GRY,GRZ,ORL,OPL,OYL,ORR,OPR,OYR,LHNX,LHNY,LHNZ,RHNX,RHNY,RHNZ,HX,HY,HZ,LTX,LTY,LTZ,RTX,RTY,RTZ,SpineMidX,SpineMidY,SpineMidZ,SpineBaseX,SpineBaseY,SpineBaseZ,ShoulderLeftX,ShoulderLeftY,ShoulderLeftZ,ShoulderRightX,ShoulderRightY,ShoulderRightZ,ElbowLeftX,ElbowLeftY,ElbowLeftZ,ElbowRightX,ElbowRightY,ElbowRightZ,Myo_Pose_left,Myo_Pose_Right,Kinect_pose_left,Kinect_pose_right
0.9589844,-0.2519531,0.1049805,0.9526367,0.1230469,0.2236328,-3,-1,0,-3,-2,0,-3,-1,-2,-2,-1,0,-1,-1,-1,-2,-0.5625,-0.5625,-0.5625,1.4375,1.4375,1.4375,3.078469,2.93974,4.161766,5.811494,2.922902,6.816392,-0.1247484,-0.3731053,1.592126,0.183238,-0.3655052,1.586384,0.03736335,0.4837023,1.664869,-0.08341646,-0.3725536,1.564177,0.2232105,-0.3780352,1.57583,0.03717189,0.00300029,1.69721,0.03504062,-0.3311569,1.688989,-0.1416242,0.1943424,1.673523,-0.04769837,-0.323399,1.646045,-0.1700808,-0.06099805,1.67131,0.2286288,-0.06850214,1.69359,NA,NA,NotTracked,NotTracked,
0.9589844,-0.2470703,0.1015625,0.9418945,0.1254883,0.222168,-1,-1,-3,1,-4,0,0,-2,-1,-1,-1,-2,-2,-2,0,0,-5.25,-5.25,-5.25,1.0625,1.0625,1.0625,3.0739,2.939731,4.159673,5.8111,2.923241,6.818335,-0.1247098,-0.3748868,1.591578,0.1822336,-0.3677114,1.585372,0.0374564,0.4836953,1.665102,-0.07773295,-0.3686891,1.578737,0.2223358,-0.3790858,1.573607,0.03719804,0.003019172,1.697305,0.03507771,-0.3311238,1.689062,-0.1416302,0.1943994,1.673662,-0.04768226,-0.3233778,1.646172,-0.1700951,-0.06121112,1.671269,0.228655,-0.06851796,1.69362,NA,NA,NotTracked,NotTracked,
0.953125,-0.246582,0.1118164,0.9448242,0.1240234,0.2255859,0,-2,-3,1,-1,0,0,0,1,-1,-2,0,-5,-1,-1,-3,-5,-5,-5,1.9375,1.9375,1.9375,3.072119,2.940078,4.1528,5.811247,2.923623,6.820328,-0.1244733,-0.3770417,1.59104,0.1818695,-0.3684309,1.584994,0.03750794,0.4836795,1.665173,-0.07889353,-0.358043,1.577889,0.2217035,-0.3811138,1.572982,0.03722091,0.003011218,1.697326,0.03507928,-0.3311311,1.68906,-0.1416387,0.1943908,1.673688,-0.04769296,-0.3233956,1.646175,-0.1700563,-0.06125461,1.67118,0.2287976,-0.06858513,1.693647,NA,NA,NotTracked,NotTracked,
0.9614258,-0.253418,0.1049805,0.9384766,0.1220703,0.234375,-1,-1,0,-1,0,-1,-1,-2,-1,-1,-2,-1,0,-1,1,-1,-1.4375,-1.4375,-1.4375,0.3125,0.3125,0.3125,3.068773,2.939789,4.152325,5.811098,2.923644,6.822445,-0.1240016,-0.376942,1.592063,0.1818365,-0.3683758,1.586818,0.03767147,0.483653,1.665457,-0.08150685,-0.3688704,1.570816,0.2217193,-0.3841684,1.573123,0.03727023,0.002985927,1.69748,0.0350861,-0.3311754,1.689183,-0.141602,0.1944048,1.6738,-0.04770257,-0.3234262,1.646298,-0.1701083,-0.06118023,1.671365,0.2289876,-0.06844391,1.693713,NA,NA,NotTracked,NotTracked,
0.9648438,-0.2573242,0.1035156,0.9521484,0.1318359,0.2299805,0,-1,-1,0,-1,0,-3,-2,0,0,-1,2,0,0,-1,-3,-0.625,-0.625,-0.625,2.0625,2.0625,2.0625,3.067038,2.939732,4.15377,5.810569,2.923984,6.826518,-0.1244261,-0.3788783,1.591665,0.1815584,-0.3685527,1.585966,0.03785488,0.4837071,1.665822,-0.0824673,-0.3879896,1.563085,0.2212129,-0.383093,1.571851,0.03729511,0.002995519,1.697759,0.03504663,-0.3311223,1.689472,-0.1416075,0.1944247,1.673993,-0.04771029,-0.3234001,1.64663,-0.1700924,-0.06115929,1.671494,0.229022,-0.06845702,1.693779,NA,NA,NotTracked,NotTracked,
0.9638672,-0.2480469,0.1030273,0.9433594,0.1245117,0.2138672,-1,-3,1,-1,0,1,-2,0,-2,0,0,-6,-7,-1,-2,-1,1.5,1.5,1.5,1.5625,1.5625,1.5625,3.065918,2.939667,4.157072,5.805322,2.923608,6.833808,-0.124968,-0.3783109,1.592901,0.1816142,-0.3697501,1.586254,0.03796698,0.4836852,1.666074,-0.08266149,-0.3718739,1.568744,0.2213685,-0.3829977,1.572668,0.0373257,0.003046052,1.698009,0.03508545,-0.331029,1.68964,-0.1415575,0.1945029,1.674287,-0.04768042,-0.3233059,1.646804,-0.1700981,-0.06118345,1.671548,0.2291729,-0.06822117,1.693904,NA,NA,NotTracked,NotTracked,
0.9536133,-0.253418,0.1020508,0.953125,0.1313477,0.215332,0,-3,-1,-6,-4,-1,-2,-1,2,-1,1,5,5,0,-1,0,-0.125,-0.125,-0.125,1.375,1.375,1.375,3.066901,2.93962,4.156156,5.807659,2.922671,6.834173,-0.1250282,-0.3727371,1.593921,0.1811962,-0.3701601,1.5859,0.03808202,0.4837167,1.666347,-0.08242804,-0.3713121,1.56982,0.2206733,-0.3882111,1.571217,0.03738534,0.003083145,1.698308,0.03504759,-0.3309952,1.68986,-0.1414626,0.1947107,1.674671,-0.04771965,-0.3232464,1.647151,-0.1700918,-0.06144279,1.671795,0.2291759,-0.06823342,1.693967,NA,NA,NotTracked,NotTracked,
0.9584961,-0.2519531,0.1015625,0.9443359,0.1254883,0.2226563,1,-1,-2,0,-1,-1,0,-1,-1,0,-2,-1,-1,-2,-1,0,-0.625,-0.625,-0.625,-0.5625,-0.5625,-0.5625,3.066298,2.939094,4.155655,5.808374,2.922266,6.834057,-0.124534,-0.3787173,1.592811,0.1806259,-0.370038,1.585792,0.03819377,0.4837663,1.66662,-0.08265961,-0.3760351,1.567375,0.2203013,-0.3847737,1.571018,0.03749113,0.003094665,1.698566,0.03502484,-0.3309832,1.690035,-0.1414746,0.1947806,1.674882,-0.04774816,-0.3232351,1.647277,-0.1700097,-0.06137687,1.671946,0.2291857,-0.06827778,1.694016,NA,NA,NotTracked,NotTracked,
0.9633789,-0.2480469,0.1118164,0.9467773,0.1293945,0.2216797,1,-1,-3,-2,-2,0,0,1,0,-2,-3,4,4,0,0,0,0.4375,0.4375,0.4375,-1.5625,-1.5625,-1.5625,3.068888,2.939247,4.154336,5.808167,2.922759,6.832635,-0.1246024,-0.3747299,1.594112,0.1811447,-0.3704888,1.586941,0.03824783,0.4837846,1.666794,-0.07922535,-0.3555112,1.580369,0.2209884,-0.3846877,1.57189,0.03750762,0.003093936,1.698788,0.03497857,-0.3309731,1.690322,-0.1414385,0.194891,1.675196,-0.04778568,-0.3232176,1.647538,-0.1700899,-0.06119585,1.672164,0.2292819,-0.0682973,1.694275,NA,NA,NotTracked,NotTracked,
0.9560547,-0.2529297,0.1069336,0.9453125,0.1254883,0.2226563,1,0,0,-5,-2,-1,-2,-2,-1,-2,-2,3,5,-3,0,-2,-2,-2,-2,-2.875,-2.875,-2.875,3.071125,2.939122,4.149066,5.805054,2.922794,6.832977,-0.1244812,-0.3786774,1.594098,0.1809481,-0.3706351,1.586785,0.0383652,0.4838263,1.667099,-0.08223428,-0.3695686,1.571931,0.2201783,-0.3850639,1.570732,0.03752033,0.003111679,1.699131,0.03485102,-0.3309491,1.690812,-0.141444,0.1949075,1.675473,-0.04787919,-0.3231812,1.648029,-0.1701138,-0.06124926,1.67252,0.2292198,-0.06820187,1.694624,NA,NA,NotTracked,NotTracked,
0.9560547,-0.2631836,0.1079102,0.9375,0.1313477,0.2319336,-2,0,0,5,1,0,0,2,0,0,-2,-1,0,-2,-1,-1,-2.1875,-2.1875,-2.1875,-1.4375,-1.4375,-1.4375,3.070026,2.938443,4.145647,5.799323,2.925616,6.834388,-0.1248722,-0.3787585,1.594788,0.1810513,-0.3706364,1.588091,0.03842901,0.4838168,1.667168,-0.08257461,-0.3710954,1.571537,0.2198888,-0.3895442,1.573762,0.03753397,0.003077872,1.699323,0.03477613,-0.3310328,1.691046,-0.1414233,0.1948889,1.675604,-0.04794492,-0.3232151,1.648227,-0.1704571,-0.05940679,1.673656,0.229004,-0.06764243,1.695436,NA,NA,NotTracked,NotTracked,
0.9580078,-0.2626953,0.09570313,0.9501953,0.1337891,0.2333984,-1,-3,-3,-4,-2,0,0,-2,-2,-1,-1,-2,-1,1,-3,-1,0.3125,0.3125,0.3125,-4,-4,-4,3.05513,2.940693,4.157732,5.798917,2.927377,6.829422,-0.1253969,-0.378368,1.595417,0.1812117,-0.3711253,1.58892,0.03854344,0.4838315,1.667432,-0.08362651,-0.3672687,1.572572,0.2191345,-0.3931349,1.574373,0.03762519,0.003071492,1.699651,0.03476346,-0.3310156,1.691331,-0.1413674,0.1949169,1.675973,-0.04796029,-0.3232089,1.648414,-0.1704471,-0.05946686,1.673779,0.2286874,-0.06725249,1.696227,NA,NA,NotTracked,NotTracked,
0.9873047,-0.2753906,0.09619141,0.9482422,0.1274414,0.2338867,-1,0,3,-3,-15,-5,-2,2,1,-1,-2,1,0,0,0,0,-2.375,-2.375,-2.375,-4.0625,-4.0625,-4.0625,3.039952,2.940277,4.171294,5.798758,2.930847,6.822783,-0.1250841,-0.3787003,1.59216,0.1808242,-0.3714917,1.588279,0.03880068,0.483875,1.667876,-0.08354963,-0.3689158,1.57148,0.2195549,-0.3923848,1.575802,0.03755623,0.003044121,1.699877,0.03455583,-0.3310979,1.691716,-0.1413453,0.1949193,1.676049,-0.04808715,-0.3232659,1.648619,-0.1704956,-0.05947356,1.673789,0.2284033,-0.06740272,1.696768,NA,NA,NotTracked,NotTracked,
1.000488,-0.3945313,-0.003417969,0.9545898,0.1318359,0.2338867,1,-1,-1,-23,10,6,5,2,0,-2,-1,-3,-5,1,-1,0,19.3125,19.3125,19.3125,0.25,0.25,0.25,3.057395,2.973612,4.164018,5.804379,2.934894,6.813898,-0.1203639,-0.3665757,1.575347,0.1804207,-0.3712453,1.587068,0.03896435,0.4838048,1.668195,-0.07834441,-0.3435548,1.5762,0.2199627,-0.3824511,1.576049,0.03758145,0.003010886,1.699947,0.03464456,-0.3311135,1.691728,-0.1412764,0.194814,1.676096,-0.04802086,-0.3232828,1.648615,-0.1712384,-0.05928029,1.674267,0.2280947,-0.06714388,1.697744,NA,NA,NotTracked,NotTracked,
0.9907227,-0.5336914,0.2001953,0.9291992,0.1450195,0.2509766,-5,-2,-1,-2,-42,6,0,-5,-2,-1,-1,3,10,0,1,0,-31.125,-31.125,-31.125,8.1875,8.1875,8.1875,3.130996,3.164603,4.077901,5.825537,2.93937,6.803069,-0.1116192,-0.3226054,1.540638,0.1805897,-0.371693,1.588006,0.03916198,0.4837432,1.668637,-0.1008518,-0.3201683,1.487649,0.219834,-0.3903215,1.576151,0.0377148,0.002978671,1.700127,0.03523064,-0.3310296,1.691833,-0.1410968,0.1948294,1.676099,-0.04754741,-0.3233598,1.648701,-0.1795585,-0.04837636,1.676268,0.2278375,-0.06730943,1.698382,NA,NA,NotTracked,NotTracked,
0.9194336,-0.7368164,0.3256836,0.9467773,0.1425781,0.2504883,2,4,-8,-20,-60,-4,-3,2,0,-2,-1,0,5,0,-6,-2,-17.4375,-17.4375,-17.4375,4.375,4.375,4.375,3.155949,3.435068,3.995931,5.833415,2.941371,6.805218,-0.06496999,-0.2723833,1.504337,0.179935,-0.3715945,1.586461,0.0392259,0.4837687,1.668942,-0.0673134,-0.2560254,1.44201,0.2198761,-0.389351,1.575146,0.03771326,0.002933168,1.700307,0.03534969,-0.3310497,1.691926,-0.1408786,0.1955106,1.67644,-0.04745937,-0.3235512,1.648829,-0.1911723,-0.03690376,1.671503,0.2273647,-0.06717979,1.699067,NA,NA,Unknown,NotTracked,
0.7280273,-0.8139648,0.4169922,0.9355469,0.1391602,0.2255859,1,0,-7,-10,-12,-1,1,-7,-3,-1,-1,0,1,1,-1,2,-33.4375,-33.4375,-33.4375,11.1875,11.1875,11.1875,3.174202,3.771853,3.91327,5.844144,2.945986,6.813255,-0.0420325,-0.1925882,1.460661,0.1781,-0.3712058,1.586908,0.03889046,0.483815,1.669636,-0.03747572,-0.2707885,1.503158,0.2141787,-0.4064139,1.5695,0.03705145,0.002892683,1.701406,0.03444292,-0.3310071,1.693421,-0.1407594,0.196517,1.676991,-0.04810826,-0.3234978,1.650058,-0.2062876,-0.02015818,1.665626,0.2271364,-0.0669518,1.699505,NA,NA,Unknown,NotTracked,
0.6118164,-0.7958984,0.4570313,0.9541016,0.1381836,0.21875,3,2,1,-33,-9,-7,-9,4,3,2,-1,0,0,-2,2,0,-19.9375,-19.9375,-19.9375,9.0625,9.0625,9.0625,3.186242,4.009209,3.857067,5.854643,2.948176,6.820449,-0.02206636,-0.1161625,1.411085,0.1774364,-0.3713143,1.586599,0.03831961,0.4837534,1.670355,0.01789637,-0.1711197,1.477529,0.2135587,-0.4014319,1.567941,0.03503139,0.002942989,1.703274,0.0310456,-0.3304529,1.695856,-0.140743,0.1974411,1.677496,-0.05098366,-0.3223,1.652473,-0.2131367,-0.01398764,1.649056,0.2270859,-0.06702921,1.699594,NA,NA,Unknown,NotTracked,
0.2792969,-0.7216797,0.4467773,0.956543,0.1376953,0.2163086,1,-2,5,-8,1,-13,12,8,0,0,-1,-4,-2,0,-4,-7,-25.625,-25.625,-25.625,6.5,6.5,6.5,3.187968,4.348058,3.786055,5.856956,2.948659,6.821851,-0.01116426,-0.05188548,1.380621,0.1858383,-0.3550356,1.59166,0.03754181,0.4837423,1.671354,0.05474544,-0.08872336,1.423,0.2156369,-0.3747686,1.57925,0.03376894,0.003531012,1.704459,0.02859208,-0.3290396,1.697212,-0.1405528,0.1977161,1.677516,-0.05319147,-0.3205602,1.654032,-0.2188883,-0.009681599,1.630155,0.2270154,-0.06718191,1.69967,NA,NA,Unknown,NotTracked,
0.2739258,-0.6542969,0.3730469,0.9448242,0.1518555,0.2172852,-5,3,2,-31,3,2,-9,-8,-2,-2,-2,-8,-6,-3,1,-3,-1.75,-1.75,-1.75,3.3125,3.3125,3.3125,3.181617,4.68681,3.745575,5.879427,2.94995,6.819143,-0.00866674,-0.01597438,1.369382,0.1853574,-0.3554334,1.591261,0.03676953,0.4836094,1.672429,0.04912294,-0.04500103,1.414667,0.215956,-0.3780332,1.579688,0.0333003,0.004135576,1.705299,0.02758843,-0.3278976,1.697851,-0.1344837,0.1995644,1.670175,-0.05385271,-0.3195165,1.654558,-0.2173966,-0.002501584,1.604577,0.2269624,-0.06718688,1.699667,NA,NA,Unknown,NotTracked,
0.2250977,-0.8085938,0.4208984,0.9448242,0.1357422,0.2192383,-2,-28,-16,-39,-8,-32,2,1,0,0,-2,-2,-6,-1,-2,0,-0.75,-0.75,-0.75,-0.8125,-0.8125,-0.8125,3.163963,4.837987,3.713146,5.884461,2.950751,6.81348,-0.007548408,-0.002898361,1.364775,0.1853409,-0.3547578,1.592176,0.03589057,0.4838668,1.674281,0.006071912,-0.0333827,1.3494,0.2162996,-0.3737592,1.583234,0.03253644,0.004729192,1.706069,0.02642282,-0.3264435,1.69872,-0.1346666,0.2001144,1.670808,-0.05451475,-0.3182211,1.655304,-0.2173212,0.000412154,1.596076,0.226557,-0.06663205,1.700296,NA,NA,Unknown,NotTracked,
0.1508789,-0.862793,0.453125,0.9360352,0.1430664,0.2373047,-3,-15,4,80,9,5,5,-17,-3,0,-2,4,4,-3,-5,-2,-2.8125,-2.8125,-2.8125,-3.8125,-3.8125,-3.8125,3.166187,4.846576,3.704595,5.887067,2.95063,6.805733,-0.007803425,0.00263418,1.362108,0.1853961,-0.354963,1.592229,0.03549398,0.4839728,1.6753,-0.01435445,0.04872204,1.339615,0.2162339,-0.3782143,1.581965,0.03203681,0.005033401,1.706469,0.02603171,-0.3259089,1.69896,-0.1321017,0.2004139,1.666883,-0.05473731,-0.3176419,1.655537,-0.2179093,0.002571336,1.59043,0.2263515,-0.06632431,1.700616,NA,NA,Unknown,Unknown,
0.03173828,-0.8764648,0.4204102,0.9472656,0.1738281,0.2543945,-3,8,-15,-47,-12,-20,-6,-4,-1,-1,-3,-10,3,-1,-4,-2,1.25,1.25,1.25,-8.4375,-8.4375,-8.4375,3.176071,4.861667,3.708569,5.881514,2.955472,6.80316,-0.008345562,0.005578796,1.362348,0.1934123,-0.3332776,1.603124,0.03538319,0.4841624,1.676269,-0.0159895,0.03784676,1.330345,0.226963,-0.2959448,1.601941,0.0318482,0.005160324,1.706757,0.02586924,-0.3256473,1.699178,-0.131905,0.2008685,1.666303,-0.05476553,-0.3173313,1.655641,-0.2184114,0.003787748,1.588393,0.2262358,-0.06659526,1.701175,NA,NA,Unknown,Unknown,
0.06201172,-0.925293,0.4335938,1.052734,0.1582031,0.2304688,-9,5,1,44,-2,10,-16,-10,-7,-7,-37,-31,-3,-4,-15,-18,3,3,3,3.9375,3.9375,3.9375,3.178727,4.865487,3.7167,5.887438,2.967936,6.797103,-0.008664308,0.005163269,1.360857,0.185143,-0.3554758,1.593397,0.03517856,0.4841799,1.677153,-0.01675574,0.04840969,1.341213,0.2157592,-0.3819408,1.581857,0.03166462,0.005436466,1.70717,0.02572519,-0.325275,1.699435,-0.1329753,0.2009359,1.667632,-0.05479984,-0.3169381,1.655768,-0.2183491,0.004235889,1.587026,0.2261775,-0.06678398,1.701766,NA,NA,Unknown,Unknown,
0.06884766,-0.9394531,0.440918,1.183594,0.2265625,0.3178711,-7,6,8,36,3,9,-18,-21,3,12,42,-10,-3,-3,-5,-6,1.5625,1.5625,1.5625,89.3125,89.3125,89.3125,3.191288,4.864667,3.736626,5.916302,3.087014,6.879523,-0.009956898,0.003578295,1.35815,0.1815964,-0.34797,1.586158,0.03515559,0.4842723,1.677685,-0.01607808,0.04875648,1.341354,0.2112303,-0.3735576,1.579842,0.03142837,0.00545679,1.707342,0.02552839,-0.3251338,1.699461,-0.1302053,0.2007204,1.663389,-0.05486281,-0.3167667,1.655724,-0.2183273,0.003954687,1.586748,0.2266435,-0.06617882,1.703681,NA,NA,Unknown,Unknown,
0.02587891,-0.8959961,0.4042969,1.094238,0.4458008,0.6030273,-5,-5,-5,-67,-1,14,7,7,-4,-23,53,-8,-9,-2,8,2,1.5,1.5,1.5,92.6875,92.6875,92.6875,3.197076,4.866728,3.750267,5.963167,3.317003,7.007577,-0.008067935,0.001522739,1.356923,0.1630393,-0.315686,1.570117,0.03506756,0.4843039,1.678206,-0.0160122,0.04886849,1.333143,0.1938683,-0.3551381,1.59525,0.03125014,0.005578616,1.707506,0.02520908,-0.3248685,1.699531,-0.1317857,0.2009232,1.665896,-0.05514725,-0.3164035,1.655608,-0.2160314,0.004401079,1.583255,0.2315066,-0.05892599,1.711377,NA,NA,Unknown,Unknown,
0.04736328,-0.9443359,0.4375,0.8056641,0.5795898,0.6835938,-2,41,6,-23,3,3,12,-13,-7,7,-21,19,1,8,2,-8,8.25,8.25,8.25,100.875,100.875,100.875,3.199141,4.86177,3.76567,6.078238,3.754882,7.151526,-0.008163438,-0.001317602,1.353329,0.1251623,-0.2825148,1.559802,0.03462663,0.4845758,1.679056,-0.01234942,0.04723034,1.331427,0.1597536,-0.3531965,1.588446,0.03105424,0.005574566,1.707882,0.02526634,-0.3248867,1.699844,-0.1322953,0.2007572,1.66707,-0.05497659,-0.316401,1.655898,-0.2156555,0.004509283,1.582562,0.2386263,-0.04658718,1.715934,NA,NA,Unknown,Unknown,
0.06005859,-0.8642578,0.4560547,0.4833984,0.6875,0.6669922,-3,-28,-3,35,-1,23,-2,2,4,-9,3,4,-2,0,5,16,7.625,7.625,7.625,37.625,37.625,37.625,3.220575,4.85046,3.780005,6.13951,4.155788,7.206699,-0.009267133,-0.007451287,1.346944,0.09302548,-0.1866904,1.537796,0.03413028,0.4845534,1.680171,-0.0203146,0.02302019,1.313786,0.1538788,-0.2595506,1.591774,0.03129365,0.005654719,1.708566,0.02573502,-0.3250339,1.700842,-0.1301351,0.2005069,1.664964,-0.05402279,-0.3164399,1.656998,-0.215632,0.004422851,1.582636,0.2462811,-0.0326797,1.714225,NA,NA,Unknown,Unknown,
0.1103516,-0.8930664,0.4858398,-0.01367188,0.9135742,0.7294922,-12,-6,-17,-13,-5,6,-14,-9,18,-33,-2,7,2,11,6,12,5.8125,5.8125,5.8125,45.6875,45.6875,45.6875,3.234553,4.832281,3.791929,6.197113,4.698778,7.298825,-0.008225186,-0.01121421,1.341858,0.08231213,-0.1274142,1.534997,0.03348335,0.4843228,1.681132,-0.01008555,0.03989676,1.318375,0.07285513,-0.1975397,1.538951,0.03174049,0.005791365,1.709378,0.02665036,-0.3248668,1.701916,-0.1283272,0.2008236,1.664457,-0.05299906,-0.3161708,1.658047,-0.2136572,0.004740648,1.581871,0.2555178,-0.0237151,1.695444,NA,NA,Unknown,Unknown,
0.1103516,-0.8930664,0.4858398,-0.01367188,0.9135742,0.7294922,9,28,17,6,-1,-21,-9,1,-18,-55,-17,8,-8,-9,-17,15,5.8125,5.8125,5.8125,45.6875,45.6875,45.6875,3.234553,4.832281,3.791929,6.197113,4.698778,7.298825,-0.01090381,-0.01002702,1.338334,0.01553603,-0.009354337,1.337511,0.03291911,0.4839362,1.682426,-0.01136909,0.03560093,1.320821,-0.04180507,-0.04678494,1.333,0.03169703,0.005801753,1.710422,0.02751191,-0.3245691,1.702958,-0.128376,0.2007955,1.664866,-0.05169521,-0.3157012,1.659319,-0.2118841,0.004163044,1.581557,0.2624567,-0.01632363,1.660495,NA,NA,NotTracked,NotTracked,
0.1240234,-0.9194336,0.4970703,-0.1254883,0.640625,0.7304688,5,8,2,31,5,-36,0,4,-2,17,6,-4,-2,2,-23,-24,4.5,4.5,4.5,39.0625,39.0625,39.0625,3.258977,4.820762,3.787869,6.375452,5.568592,7.29524,-0.001783682,-0.007462457,1.338293,0.05692219,0.1205862,1.450863,0.03279101,0.483964,1.683952,-0.004625819,0.0428782,1.318732,0.04399535,0.1761901,1.472215,0.03205376,0.006071437,1.711498,0.0286269,-0.3235803,1.704269,-0.1274631,0.2007131,1.662925,-0.05033528,-0.3146501,1.660543,-0.2083623,0.00254894,1.580802,0.2512059,-0.01113592,1.617183,NA,NA,NotTracked,NotTracked,
0.09228516,-0.9208984,0.4770508,-0.1362305,0.3891602,0.4780273,-3,-5,14,-19,-15,11,19,4,2,9,-11,-6,-3,-11,-12,-13,1.6875,1.6875,1.6875,14.875,14.875,14.875,3.274065,4.845725,3.768305,6.399539,6.071932,7.247621,-0.01475899,-0.00505275,1.341633,0.02131318,0.0001645844,1.340148,0.03279932,0.4843551,1.685793,-0.01019464,0.03764849,1.314804,0.07479215,0.01515642,1.313158,0.03195696,0.006050707,1.711657,0.02872047,-0.3241888,1.704853,-0.1316621,0.2012577,1.667831,-0.05051637,-0.3155174,1.662678,-0.2047933,0.001896599,1.580437,0.2266655,0.01614017,1.570315,NA,NA,NotTracked,NotTracked,
0.07373047,-0.8793945,0.4418945,-0.2011719,0.2084961,0.3525391,0,15,-23,-3,5,-8,13,-12,6,11,0,1,0,-25,-37,-9,1.875,1.875,1.875,0.625,0.625,0.625,3.27858,4.877169,3.751931,6.381205,6.235854,7.234998,-0.01249469,8.439748E-05,1.343265,0.02179666,0.00572049,1.34036,0.03125799,0.4896521,1.688809,-0.007684392,0.04453504,1.32182,0.06551258,0.02173651,1.310522,0.03145188,0.005837254,1.711055,0.02857256,-0.3253459,1.705385,-0.1294319,0.201102,1.664428,-0.05125202,-0.3174987,1.66736,-0.241543,-0.02548157,1.578605,0.219026,0.02147095,1.559546,NA,NA,NotTracked,NotTracked,
0.0625,-0.894043,0.4726563,-0.2490234,0.4311523,0.2949219,-3,-16,-3,-6,-4,2,4,-7,11,25,-4,2,-2,-3,-4,8,-0.3125,-0.3125,-0.3125,-16.3125,-16.3125,-16.3125,3.275977,4.89932,3.746188,6.362502,6.177418,7.204112,-0.009257996,0.003432908,1.342354,0.02797647,0.009564589,1.33975,0.0306701,0.4911706,1.689669,-0.0003668459,0.05375206,1.323333,0.01688449,0.06589571,1.31675,0.03106276,0.005603057,1.710553,0.02834623,-0.3260845,1.705592,-0.129026,0.2010304,1.664508,-0.05176815,-0.3180493,1.668664,-0.2359112,-0.008313186,1.577345,0.2159091,0.02132204,1.552971,NA,NA,NotTracked,NotTracked,
0.07226563,-0.9365234,0.4633789,-0.1835938,0.375,0.3535156,2,-8,-36,7,1,-3,8,8,-19,-13,7,1,2,56,41,-10,0.875,0.875,0.875,-36.3125,-36.3125,-36.3125,3.27389,4.918312,3.756446,6.285224,5.854987,7.186824,-0.009841717,0.007631936,1.340624,0.01688074,0.01048407,1.338052,0.0309317,0.4898486,1.69084,-0.004748677,0.0540228,1.319025,0.05056232,0.0283178,1.3069,0.03078952,0.005670044,1.710719,0.02822211,-0.3261991,1.705646,-0.1281611,0.2010782,1.663008,-0.0518022,-0.3179676,1.66859,-0.2364709,-0.0113999,1.57836,0.2173286,0.00959372,1.566906,NA,NA,NotTracked,NotTracked,
0.03466797,-0.918457,0.4492188,-0.05029297,0.7270508,0.6152344,-2,-18,19,-1,17,24,-11,12,-25,-15,-10,14,14,-12,6,11,1.75,1.75,1.75,-79.0625,-79.0625,-79.0625,3.273408,4.926806,3.768291,6.185569,5.02604,7.232661,0.00518938,0.01611479,1.336224,0.03150967,0.02349042,1.339079,0.03108992,0.488807,1.691726,-0.002943648,0.0594409,1.314412,0.08312365,0.0363482,1.308579,0.03037507,0.006321674,1.712015,0.02832846,-0.3241993,1.705689,-0.1292298,0.2007968,1.666883,-0.05106538,-0.3152212,1.666953,-0.231989,-0.01516291,1.569313,0.2338862,-0.01263981,1.615225,NA,NA,NotTracked,NotTracked,
0.04052734,-0.8876953,0.4614258,0.7490234,1.289063,1.622559,8,24,8,47,-1,-16,0,1,15,33,-25,-20,-8,-1,-25,5,-4.875,-4.875,-4.875,6.875,6.875,6.875,3.266624,4.936565,3.793656,6.152055,4.504849,7.276172,0.001500547,0.01548382,1.33319,0.008038871,0.002838362,1.335082,0.03054329,0.4879692,1.692719,-0.0125072,0.05721352,1.311743,0.04381553,0.01793691,1.3055,0.03003704,0.006224986,1.712843,0.02828356,-0.3239034,1.705604,-0.1274435,0.2004317,1.663959,-0.05066381,-0.3147021,1.665552,-0.2378891,-0.01734808,1.585576,0.247028,-0.01358305,1.639067,NA,NA,NotTracked,NotTracked,
0.06298828,-0.8881836,0.503418,-0.01953125,0.8129883,0.9711914,11,25,9,-22,-8,-17,-9,1,21,24,19,-5,-11,7,11,3,-10.0625,-10.0625,-10.0625,-64.3125,-64.3125,-64.3125,3.251046,4.931336,3.800747,6.048968,4.443576,7.28115,-0.002929267,0.01567874,1.332334,-3.422811E-05,0.002160635,1.333375,0.03026508,0.4874639,1.693196,-0.01622618,0.05855051,1.313111,0.04128176,0.00918878,1.306632,0.02990831,0.006081807,1.713193,0.02837555,-0.3238987,1.705546,-0.1278249,0.200079,1.665112,-0.05032195,-0.3148526,1.664064,-0.1991756,0.00364456,1.568521,0.2402859,-0.02185667,1.650355,NA,NA,NotTracked,NotTracked,
0.015625,-0.8847656,0.5107422,0.4301758,0.6445313,0.7597656,-7,1,9,-21,0,-23,0,-7,14,-4,-17,2,-3,-23,-8,2,-11.3125,-11.3125,-11.3125,-21.5625,-21.5625,-21.5625,3.241368,4.928205,3.794066,6.024897,4.451043,7.258176,0.00515939,0.01668127,1.333935,0.04775662,-0.1361332,1.505494,0.03022638,0.4871892,1.693195,-0.008265596,0.06300355,1.312999,0.05484215,-0.1035226,1.417477,0.03008103,0.006170948,1.713345,0.02854817,-0.3235939,1.70549,-0.1285223,0.2001384,1.666271,-0.05004433,-0.3146241,1.663312,-0.1988624,0.003910054,1.568328,0.2380738,-0.02551878,1.659992,NA,NA,Unknown,Closed,
0.02929688,-0.887207,0.4638672,0.3647461,0.6040039,0.7485352,1,-6,13,28,-5,-8,6,-5,-38,-18,-2,-1,3,37,-8,-26,3.4375,3.4375,3.4375,-0.375,-0.375,-0.375,3.24428,4.929305,3.786891,6.019365,4.460697,7.252203,0.004046575,0.01802554,1.333975,0.04650988,-0.1355406,1.50367,0.03044135,0.48696,1.693166,-0.002438391,0.06934426,1.313692,0.05635013,-0.1031639,1.415984,0.03019703,0.006116602,1.713694,0.02879117,-0.3235683,1.705584,-0.1268038,0.200197,1.662532,-0.04954681,-0.3146484,1.662635,-0.1991363,0.003267765,1.567985,0.2341662,-0.02845357,1.659565,NA,NA,Unknown,Closed,
0.001464844,-0.9101563,0.4453125,0.3447266,0.5634766,0.7392578,-2,-31,-1,1,-3,3,0,4,-4,-5,-9,4,3,-15,1,-18,-1,-1,-1,1.8125,1.8125,1.8125,3.242671,4.932572,3.786507,6.025016,4.46903,7.239041,0.006715091,0.01827417,1.332725,0.04618659,-0.1351257,1.50279,0.03077883,0.4868296,1.693249,-0.0007149784,0.04602009,1.298842,0.05847707,-0.09889617,1.419297,0.03052695,0.006145752,1.713961,0.02921386,-0.323381,1.705776,-0.1276615,0.2004102,1.664153,-0.04915221,-0.3145446,1.662242,-0.1986659,0.003864483,1.567503,0.2346465,-0.02645712,1.665624,NA,NA,Unknown,Closed,
0.05126953,-0.9072266,0.4638672,0.3359375,0.503418,0.7705078,4,10,-8,11,6,-2,-3,-6,7,-32,-19,0,-4,-43,-23,-26,-5,-5,-5,-0.25,-0.25,-0.25,3.235365,4.930015,3.781475,6.027589,4.470713,7.215185,0.006636654,0.01899875,1.33332,0.04798885,-0.1345391,1.50198,0.03119611,0.4867261,1.693262,-0.005351546,0.06538945,1.313594,0.04635031,-0.1910694,1.531442,0.03070182,0.006274435,1.714256,0.02943695,-0.3232365,1.705924,-0.1284519,0.2006256,1.66517,-0.04891815,-0.3144169,1.66198,-0.1983268,0.00419818,1.567275,0.235783,-0.01941392,1.672097,NA,NA,Unknown,Closed,
0.03125,-0.909668,0.4677734,0.2617188,0.5,0.6992188,-8,-22,-25,-2,-2,-28,4,3,-2,6,-7,-1,-3,21,7,-3,-0.9375,-0.9375,-0.9375,6.1875,6.1875,6.1875,3.2317,4.931545,3.775721,6.037154,4.455194,7.205455,0.007472388,0.02091514,1.333635,0.05029956,-0.1387302,1.501675,0.03155501,0.4866154,1.693331,0.004668967,0.07604534,1.3183,0.04426679,-0.1931843,1.530298,0.03088174,0.006259063,1.714299,0.0297822,-0.3232746,1.705806,-0.1277989,0.2005444,1.663583,-0.04852859,-0.3144121,1.661159,-0.1979879,0.004145614,1.56587,0.2310842,-0.0273861,1.663874,NA,NA,Unknown,Closed,
0.03955078,-0.9077148,0.4692383,0.2416992,0.4443359,0.5839844,1,20,0,-4,12,1,-9,4,9,-6,-2,-2,1,17,8,-9,-1.625,-1.625,-1.625,11.3125,11.3125,11.3125,3.231411,4.939115,3.77347,6.053541,4.379292,7.195542,0.008758715,0.0232431,1.333383,0.05152723,-0.1526573,1.506518,0.03164186,0.4865928,1.693349,0.0007325839,0.07169972,1.313864,0.04945832,-0.2149291,1.52809,0.03097605,0.006273962,1.714288,0.03014663,-0.3233437,1.705683,-0.1271586,0.2003969,1.662266,-0.04805309,-0.3144552,1.660598,-0.1979992,0.00383898,1.565479,0.2299451,-0.02896037,1.663504,NA,NA,Unknown,Closed,
0.02783203,-0.9179688,0.4487305,0.3486328,0.4741211,0.5117188,0,-7,-20,-17,-5,-15,-18,4,9,0,-7,0,5,11,-2,-12,1.125,1.125,1.125,40.0625,40.0625,40.0625,3.23495,4.958594,3.771964,6.122816,4.101476,7.180214,0.006569354,0.02616174,1.335125,0.05436284,-0.1963785,1.506783,0.03167406,0.4866204,1.693351,0.003919865,0.07858031,1.316693,0.05699174,-0.2564714,1.525489,0.03170036,0.00639024,1.714058,0.03076424,-0.3235315,1.705604,-0.1265112,0.2006784,1.661595,-0.04728971,-0.3146028,1.660056,-0.1970533,0.00428341,1.564145,0.2312808,-0.02893375,1.668739,NA,NA,Unknown,Closed,
